196|216,340|,27
196|216,215|,13
211|212,22|,32
211|212,216|,57
211|212,368|,33
211|212,205|,13
211|212,209|,18
211|212,220|,35
211|212,221|,10
211|212,222|,17
211|212,210|,26
211|212,23|211.212,91
211|212,363|,18
211|212,342|,69
211|212,212|,41
211|212,341|,23
211|212,215|,19
211|212,340|,59
211|212,214|,16
211|212,217|,142
211|212,213|,13
211|212,366|,16
211|212,21|,28
211|212,20|,22
211|212,204|,10
61|,340|,23
61|,363|,20
61|,369|,24
61|,83|,11
164|162,163|164,12
164|162,181|164,18
278|363,363|,17
17|,205|,21
17|,202|17,102
17|,16|,25
17|,203|,15
17|,339|,38
17|,363|,20
17|,83|,10
17|,218|,11
17|,204|,29
212|221,23|,10
364|83,83|,11
366|365.342,340|,10
153|217,215|153,13
153|217,163|153,13
212|207,340|,19
212|207,23|,15
212|207,220|,23
23|218,217|,10
164|340,215|164,13
164|340,181|164,12
27|83,83|,11
203|83,205|,10
203|83,363|,16
200|,23|,11
200|,219|,544
200|,199|,104
200|,83|,13
200|,218|,362
200|,208|,122
200|,211|,12
200|,209|,119
200|,16|,145
200|,366|,14
200|,113|,14
200|,197|,37
200|,202|,55
200|,234|,11
200|,203|,28
200|,210|,12
200|,363|,28
200|,342|,45
200|,19|,29
200|,365|,10
200|,340|,14
200|,205|,19
200|,207|,208
200|,368|,11
200|,204|,21
200|,339|,46
200|,201|200,67
200|,21|,42
200|,20|,78
200|,217|,59
117|,16|,12
153|340,340|,18
153|340,215|153,20
278|,22|,46
278|,369|,46
278|,26|,53
278|,208|,21
278|,233|278,159
278|,191|,18
278|,202|,12
278|,266|,29
278|,342|,77
278|,212|,67
278|,207|,12
278|,206|,24
278|,340|,67
278|,204|,62
278|,339|,44
278|,363|,398
278|,21|,83
278|,365|278,109
278|,143|,13
278|,23|,51
278|,83|,53
278|,25|,17
278|,368|,30
278|,205|,118
278|,209|,64
278|,16|,11
278|,220|,59
278|,84|,56
278|,222|,19
278|,211|,36
278|,234|,49
278|,203|,41
278|,224|,30
278|,210|278,65
278|,226|,12
278|,364|,27
278|,217|,45
278|,89|,10
278|,366|,53
278|,223|278,164
278|,20|,63
83|210,363|,14
83|210,21|,11
253|,83|,10
211|160,23|211,14
217|84,342|,11
191|178,25|,15
339|203,23|,27
339|203,83|,11
339|203,22|,41
339|203,220|,16
339|203,21|339.203,101
339|203,212|,17
339|203,219|,36
339|203,218|,77
339|203,208|,83
339|203,202|,123
339|203,209|,33
339|203,16|,78
339|203,17|,11
339|203,365|,63
339|203,366|,34
339|203,84|,10
339|203,222|,10
339|203,211|,25
339|203,210|,67
339|203,203|,362
339|203,200|,14
339|203,342|,93
339|203,201|,19
339|203,19|,56
339|203,206|,11
339|203,340|,25
339|203,207|,144
339|203,368|,24
339|203,217|,41
339|203,363|,215
339|203,205|,253
339|203,20|,97
339|203,204|,222
234|342,84|234,18
365|278,366|,13
191|212,340|,19
191|212,25|,10
23|,16|,54
23|,339|,259
23|,299|,17
23|,22|,1410
23|,369|,32
23|,212|,1713
23|,83|,117
23|,218|,115
23|,226|,15
23|,26|,18
23|,208|,297
23|,181|,39
23|,205|23,453
23|,207|,185
23|,206|,16
23|,191|,68
23|,158|,50
23|,221|,156
23|,197|,27
23|,156|,25
23|,223|,59
23|,210|,933
23|,233|,31
23|,266|,13
23|,342|,2083
23|,278|,48
23|,364|,46
23|,365|,550
23|,340|,1538
23|,140|,13
23|,367|,201
23|,142|,14
23|,21|,936
23|,216|,562
23|,225|,11
23|,204|,260
23|,201|,25
23|,371|,11
23|,159|,26
23|,25|,62
23|,219|,82
23|,27|,11
23|,368|,1966
23|,375|,26
23|,214|,236
23|,211|,1985
23|,209|,858
23|,200|,26
23|,180|,39
23|,149|,14
23|,190|,49
23|,220|,1663
23|,182|,14
23|,366|,991
23|,236|,10
23|,196|,210
23|,84|,41
23|,222|,419
23|,199|,35
23|,163|,25
23|,234|,38
23|,162|,36
23|,157|,33
23|,224|,18
23|,160|,28
23|,213|,224
23|,217|,2729
23|,341|,354
23|,155|,16
23|,203|,325
23|,19|,55
23|,215|,359
23|,153|,42
23|,192|,62
23|,152|,10
23|,143|,23
23|,363|,820
23|,151|,11
23|,164|,39
23|,202|,74
23|,20|,526
23|,178|,44
366|215,23|,11
366|215,212|,10
366|215,210|,20
366|215,365|,14
342|21,368|342,270
342|21,23|,176
342|21,219|,12
342|21,22|,308
342|21,220|,124
342|21,212|,95
342|21,218|,30
342|21,341|,43
342|21,208|,100
342|21,278|342,12
342|21,211|,137
342|21,209|,463
342|21,16|,16
342|21,203|342.21,67
342|21,365|342,110
342|21,366|,144
342|21,221|,24
342|21,196|,21
342|21,222|,51
342|21,83|342,22
342|21,210|,265
342|21,213|,12
342|21,84|342,10
342|21,207|,52
342|21,19|,28
342|21,215|,45
342|21,340|,113
342|21,205|,88
342|21,214|,30
342|21,204|,34
342|21,202|342,18
342|21,363|,179
342|21,339|,63
342|21,21|,605
342|21,216|,63
342|21,20|,260
342|21,217|,291
20|197,209|,11
191|163,340|,10
181|340,215|181,12
181|340,340|181,12
340|159,212|340,10
23|221,342|,11
23|221,220|,12
23|221,368|,13
23|221,217|,12
23|221,221|,10
257|,83|,15
83|21,20|83,15
83|21,278|83,11
83|21,210|83,12
83|21,363|,20
83|21,342|,20
83|21,339|,11
83|21,366|83,13
83|21,234|83,31
83|21,21|,31
83|21,84|83,15
209|,238|,12
209|,160|,29
209|,369|,63
209|,218|,447
209|,208|,1826
209|,181|,34
209|,17|,10
209|,22|,1017
209|,152|,12
209|,113|,28
209|,156|,33
209|,162|,23
209|,233|,57
209|,200|,104
209|,225|,25
209|,278|209,103
209|,89|,15
209|,365|,563
209|,340|,551
209|,214|,247
209|,358|,10
209|,204|,269
209|,197|209,113
209|,142|,11
209|,198|,21
209|,222|,380
209|,137|,12
209|,27|,11
209|,368|,1573
209|,14|,41
209|,202|209,154
209|,216|,357
209|,211|,781
209|,180|,35
209|,149|,15
209|,190|,29
209|,236|,10
209|,84|,75
209|,110|,13
209|,314|,11
209|,157|,39
209|,360|,15
209|,83|209,206
209|,213|,85
209|,201|,108
209|,226|,19
209|,19|,204
209|,364|,40
209|,375|,21
209|,217|,3273
209|,108|,10
209|,370|,14
209|,205|,482
209|,178|,24
209|,299|,36
209|,199|,148
209|,23|,762
209|,26|,29
209|,191|,41
209|,158|,28
209|,223|,70
209|,187|,10
209|,266|,27
209|,342|,5067
209|,212|,554
209|,153|,24
209|,206|,37
209|,115|,11
209|,221|,223
209|,367|,82
209|,339|,409
209|,21|,4101
209|,234|209,64
209|,25|,44
209|,219|,192
209|,192|,32
209|,196|209,119
209|,16|,124
209|,220|,480
209|,182|,13
209|,159|,18
209|,163|,24
209|,210|,1864
209|,203|,421
209|,224|,34
209|,373|,11
209|,155|,12
209|,341|,218
209|,215|,229
209|,207|,914
209|,143|,23
209|,363|,943
209|,366|,649
209|,164|,28
209|,20|,3480
365|222,363|,18
365|222,21|,15
365|222,210|,14
190|,22|,15
190|,163|,10
190|,160|,10
190|,83|,38
190|,181|,11
190|,191|,331
190|,158|,10
190|,156|,96
190|,223|,15
190|,210|,13
190|,363|,14
190|,342|,22
190|,212|,73
190|,340|,336
190|,204|,15
190|,164|,15
190|,21|,13
190|,143|,40
190|,23|,25
190|,369|,10
190|,25|,165
190|,216|,12
190|,368|,14
190|,205|,22
190|,192|,212
190|,209|,13
190|,84|,15
190|,220|,30
190|,196|,26
190|,159|,14
190|,222|,11
190|,211|,22
190|,234|,10
190|,162|,13
190|,157|,34
190|,213|,70
190|,155|,71
190|,341|,10
190|,215|,34
190|,45|,16
190|,153|,19
190|,217|,20
190|,366|,13
190|,20|,10
190|,178|,28
214|363,217|,20
222|204,221|,10
241|,21|,15
241|,83|,89
241|,20|,11
241|,210|,13
360|,339|,22
360|,202|,22
360|,16|,30
360|,205|,10
360|,201|,11
360|,204|,12
157|,23|,14
157|,163|,36
157|,160|,10
157|,83|,34
157|,191|157,101
157|,181|,21
157|,180|,25
157|,211|,20
157|,190|,29
157|,212|,34
157|,196|,27
157|,156|,30
157|,149|,13
157|,162|,11
157|,363|,11
157|,342|,10
157|,25|,24
157|,155|,51
157|,341|,10
157|,215|,54
157|,340|,188
157|,153|,26
157|,192|,80
157|,217|,12
157|,213|,26
157|,216|,18
157|,178|,60
215|192,340|,10
370|,340|,15
370|,84|,11
370|,21|,10
370|,369|,33
370|,233|,14
370|,205|,11
370|,363|,60
370|,342|,12
370|,83|,19
370|,20|,10
370|,365|,13
355|,83|,10
226|,84|,36
226|,233|,15
226|,83|,37
226|,234|,20
226|,363|,40
226|,225|,15
226|,369|,41
226|,212|,15
226|,278|,12
226|,340|,55
226|,224|226,53
226|,281|,11
226|,204|,14
226|,339|,17
226|,365|,23
226|,191|,16
226|,342|,12
19|,23|,46
19|,219|,110
19|,22|,53
19|,220|,30
19|,215|,11
19|,212|,22
19|,83|,28
19|,218|,283
19|,208|,814
19|,211|,32
19|,209|,181
19|,16|,49
19|,199|,15
19|,365|,61
19|,366|,29
19|,113|,10
19|,84|,16
19|,222|,15
19|,197|,18
19|,202|,45
19|,234|,11
19|,203|,599
19|,210|,150
19|,200|,19
19|,342|,180
19|,201|,11
19|,341|,18
19|,206|,11
19|,340|,32
19|,205|,187
19|,207|,1082
19|,368|,39
19|,204|,109
19|,363|,216
19|,339|,284
19|,21|,349
19|,216|,15
19|,20|,559
19|,217|,71
141|,340|,10
141|,215|,12
364|,339|,20
364|,369|,20
364|,22|,27
364|,220|,26
364|,23|,22
364|,212|,24
364|,83|,45
364|,205|364,73
364|,368|,19
364|,26|,10
364|,208|,11
364|,209|,23
364|,365|,44
364|,191|,49
364|,366|,33
364|,25|,63
364|,217|,37
364|,84|,19
364|,222|,10
364|,211|,24
364|,234|,14
364|,203|,32
364|,210|,48
364|,233|,59
364|,213|,11
364|,224|,10
364|,278|,26
364|,206|,10
364|,340|,74
364|,207|,12
364|,143|,56
364|,363|,234
364|,21|,39
364|,342|364,55
364|,20|,33
364|,204|,21
217|,371|,12
217|,369|,50
217|,218|,351
217|,208|,771
217|,22|,1422
217|,152|,33
217|,181|217,75
217|,221|,552
217|,278|217,82
217|,156|,54
217|,375|217,39
217|,233|,23
217|,200|,51
217|,225|,16
217|,89|,11
217|,365|,518
217|,340|,1655
217|,214|,882
217|,204|,273
217|,229|,11
217|,142|,11
217|,23|,2562
217|,367|217,100
217|,160|,59
217|,27|,25
217|,368|,3669
217|,216|,1017
217|,209|,3214
217|,149|,25
217|,190|,86
217|,158|217,78
217|,84|,70
217|,222|,885
217|,157|,50
217|,213|,166
217|,153|217,78
217|,201|,61
217|,226|,20
217|,19|,78
217|,364|,50
217|,205|,494
217|,178|,62
217|,299|,40
217|,198|,11
217|,26|,22
217|,197|217,65
217|,183|,14
217|,148|,12
217|,202|,85
217|,223|,66
217|,187|,12
217|,363|,826
217|,342|,4169
217|,206|,25
217|,212|217,1391
217|,140|,11
217|,113|,13
217|,339|,321
217|,180|217,69
217|,21|,1473
217|,191|217,118
217|,25|,95
217|,83|217,147
217|,219|,211
217|,163|217,54
217|,366|,729
217|,192|,103
217|,199|217,101
217|,220|,890
217|,182|,28
217|,196|,304
217|,159|,61
217|,211|,2884
217|,234|,52
217|,162|,54
217|,203|,372
217|,224|,17
217|,210|217,1112
217|,16|217,83
217|,155|,24
217|,341|,892
217|,215|,680
217|,207|,469
217|,143|,37
217|,266|,13
217|,151|,18
217|,164|,83
217|,20|,1311
368|202,209|,10
369|20,363|,20
278|234,234|,10
210|278,342|,11
223|84,84|,19
220|212.217,217|,11
299|,23|,14
299|,211|,40
299|,210|,12
299|,222|,19
299|,363|,11
299|,342|,29
299|,83|,21
299|,212|,11
299|,341|,40
299|,368|,22
299|,215|,13
299|,217|299,82
299|,214|,140
299|,209|,26
299|,216|,28
299|,20|,11
299|,365|,10
299|,221|,28
199|,23|,25
199|,219|,383
199|,22|,13
199|,212|,15
199|,83|,27
199|,218|,314
199|,208|,122
199|,211|,19
199|,209|,195
199|,16|,94
199|,366|,10
199|,113|,23
199|,84|,10
199|,197|,33
199|,202|,31
199|,223|,10
199|,203|,28
199|,210|,19
199|,200|,299
199|,342|,64
199|,20|199,105
199|,201|,96
199|,19|,23
199|,365|,10
199|,340|,19
199|,205|,17
199|,207|,200
199|,368|,23
199|,204|,24
199|,363|,48
199|,339|,47
199|,21|,66
199|,216|,10
199|,217|,86
341|158,214|,10
341|158,217|,12
211|84,217|,12
191|156,25|,13
211|367,212|,10
211|367,217|,10
196|363,340|,16
19|211,207|,17
22|368,23|,69
22|368,216|,21
22|368,368|,81
22|368,339|,19
22|368,209|,58
22|368,366|,74
22|368,222|,16
22|368,211|,50
22|368,210|,96
22|368,203|,23
22|368,208|,21
22|368,363|,54
22|368,342|,191
22|368,212|,42
22|368,365|,34
22|368,340|,36
22|368,207|,19
22|368,204|,17
22|368,213|,11
22|368,205|,31
22|368,220|22.368,78
22|368,21|,76
22|368,20|,33
22|368,217|,97
221|215,222|,10
217|340,23|,109
217|340,212|217,50
217|340,22|,51
217|340,220|,47
217|340,216|,43
217|340,218|,15
217|340,339|,14
217|340,209|,108
217|340,368|,155
217|340,365|,23
217|340,366|,30
217|340,221|,15
217|340,222|,38
217|340,211|,118
217|340,203|,15
217|340,208|,33
217|340,21|217.340,68
217|340,363|,29
217|340,342|,166
217|340,341|,29
217|340,215|,28
217|340,340|,98
217|340,207|,22
217|340,214|,29
217|340,204|,10
217|340,205|,14
217|340,210|217,39
217|340,20|,58
209|234,21|,12
212|340,339|,48
212|340,22|,101
212|340,204|,55
212|340,211|212,151
212|340,218|,21
212|340,208|,47
212|340,181|,14
212|340,221|212,19
212|340,199|,12
212|340,158|,11
212|340,156|,10
212|340,223|,15
212|340,210|,89
212|340,363|,105
212|340,342|,196
212|340,203|212,33
212|340,365|,82
212|340,340|,285
212|340,214|,26
212|340,367|,44
212|340,216|,62
212|340,21|,102
212|340,143|,10
212|340,23|,330
212|340,222|212.340,77
212|340,219|,24
212|340,368|,122
212|340,205|,77
212|340,209|,127
212|340,16|,15
212|340,220|,273
212|340,196|,39
212|340,163|,15
212|340,191|212,27
212|340,213|,50
212|340,341|,31
212|340,215|,60
212|340,207|,29
212|340,192|,21
212|340,217|,252
212|340,366|,193
212|340,202|,16
212|340,20|,53
148|,340|,17
148|,83|,12
148|,160|,13
148|,215|,13
366|213,210|,10
235|,340|,21
235|,363|,14
266|,84|,26
266|,26|,28
266|,233|,23
266|,363|,36
266|,342|,15
266|,83|,11
266|,212|,13
266|,278|,36
266|,340|,20
266|,339|,10
266|,358|,17
266|,205|,19
266|,365|,10
266|,223|266,100
266|,366|,10
266|,20|,12
216|158,217|,10
261|,83|,11
206|,23|,14
206|,22|,14
206|,212|,23
206|,83|,10
206|,218|,10
206|,208|,24
206|,209|,27
206|,16|,10
206|,363|206,175
206|,220|,19
206|,366|,23
206|,84|,10
206|,202|,12
206|,210|,31
206|,203|,39
206|,233|,25
206|,342|,43
206|,278|,17
206|,365|,61
206|,340|,16
206|,205|,258
206|,207|,18
206|,204|,112
206|,339|,62
206|,21|,30
206|,20|,51
206|,217|,21
115|,205|,16
115|,202|,39
115|,204|,19
115|,339|,35
115|,363|,15
115|,16|,27
224|226,369|224,13
234|20,363|,15
234|20,84|234,22
210|20,23|,46
210|20,22|,104
210|20,216|,14
210|20,339|,20
210|20,209|,104
210|20,220|,49
210|20,366|,76
210|20,222|,19
210|20,211|,50
210|20,221|210,11
210|20,203|,43
210|20,208|,31
210|20,363|,81
210|20,342|,254
210|20,212|,31
210|20,365|,73
210|20,340|,22
210|20,207|,25
210|20,217|,48
210|20,205|,37
210|20,368|210.20,66
210|20,21|,180
210|20,20|,125
210|20,204|,15
164|,159|,46
164|,191|,22
164|,22|,11
164|,23|,30
164|,212|,24
164|,83|,46
164|,27|,13
164|,29|,24
164|,151|,13
164|,153|164,81
164|,209|,14
164|,368|,20
164|,180|,77
164|,149|,14
164|,190|,13
164|,182|,10
164|,158|,21
164|,217|,20
164|,84|,10
164|,222|,34
164|,211|,36
164|,163|164,94
164|,157|,11
164|,162|,91
164|,363|,13
164|,342|,16
164|,25|,21
164|,160|,90
164|,341|,30
164|,152|,40
164|,340|,84
164|,215|164,131
164|,192|,17
164|,181|164,230
164|,143|,11
164|,142|,11
164|,196|,72
164|,216|,36
164|,178|,25
368|210.20,211|,11
342|364,209|,10
37|,83|,16
210|234,21|,16
25|,203|,17
25|,22|,19
25|,364|,26
25|,369|,12
25|,218|,18
25|,208|,16
25|,181|,24
25|,152|,12
25|,191|,682
25|,158|,21
25|,156|,60
25|,223|,27
25|,162|,22
25|,233|,17
25|,363|,49
25|,342|,33
25|,278|,14
25|,153|,40
25|,365|,16
25|,340|,449
25|,204|,16
25|,216|,14
25|,21|,25
25|,217|,47
25|,23|,34
25|,83|,56
25|,159|,23
25|,160|,16
25|,368|,32
25|,339|,11
25|,163|,31
25|,209|,31
25|,16|,10
25|,180|,24
25|,149|,14
25|,190|,146
25|,220|,39
25|,366|,39
25|,196|,20
25|,84|,24
25|,222|,25
25|,211|,41
25|,234|,18
25|,210|,23
25|,157|,30
25|,224|,11
25|,213|,97
25|,367|,11
25|,155|,31
25|,341|,21
25|,212|25,122
25|,45|,12
25|,207|,10
25|,192|,157
25|,143|,131
25|,215|25,74
25|,205|,28
25|,164|,32
25|,20|,13
25|,178|,35
12|,202|,11
12|,16|,16
219|,199|,137
219|,363|219,118
219|,198|,12
219|,197|219,57
219|,83|,37
219|,218|,1469
219|,208|,502
219|,17|,10
219|,22|,43
219|,221|,10
219|,202|,133
219|,210|,72
219|,233|,12
219|,200|,208
219|,342|,161
219|,212|,51
219|,340|,62
219|,214|,11
219|,113|,22
219|,339|,199
219|,21|,149
219|,365|219,61
219|,23|,63
219|,216|,27
219|,368|,43
219|,205|,80
219|,209|,255
219|,16|,267
219|,220|,30
219|,84|,34
219|,222|,12
219|,211|,51
219|,234|,24
219|,203|,143
219|,201|,89
219|,341|,10
219|,19|,120
219|,215|,18
219|,207|,1002
219|,217|,184
219|,366|,35
219|,204|219,78
219|,20|,347
220|207,366|,10
220|207,23|,24
220|207,212|,14
220|207,368|,10
225|84,84|,15
201|200,219|,10
201|342,202|,12
201|342,16|,15
365|218,363|,13
251|,83|,11
112|,16|,12
157|340,340|,22
275|,83|,11
196|,160|,16
196|,83|,39
196|,218|,18
196|,208|,36
196|,181|,22
196|,368|196,110
196|,205|196,62
196|,191|,66
196|,158|,28
196|,221|,49
196|,156|,27
196|,223|,15
196|,210|,104
196|,342|,182
196|,212|,417
196|,153|,25
196|,365|,76
196|,340|,1008
196|,214|,48
196|,204|,32
196|,216|,164
196|,21|,115
196|,366|196,130
196|,22|196,88
196|,367|,27
196|,23|,224
196|,159|,18
196|,25|,67
196|,363|196,86
196|,219|,13
196|,339|,42
196|,163|,22
196|,209|,125
196|,16|,20
196|,180|,21
196|,149|,16
196|,375|,15
196|,190|,40
196|,220|,192
196|,182|,10
196|,84|,11
196|,222|,352
196|,211|,240
196|,162|,10
196|,203|,20
196|,143|,14
196|,157|,16
196|,213|,108
196|,224|,11
196|,155|,17
196|,341|,216
196|,215|,457
196|,207|,30
196|,192|,55
196|,217|,284
196|,164|,15
196|,202|,12
196|,20|,72
196|,178|,27
163|,181|,106
163|,23|,19
163|,25|,21
163|,212|,27
163|,21|,14
163|,83|,40
163|,368|,13
163|,164|,45
163|,192|,17
163|,180|,133
163|,149|,13
163|,366|,14
163|,190|,20
163|,220|,13
163|,158|,17
163|,217|,25
163|,159|,25
163|,222|,24
163|,211|,32
163|,210|,10
163|,162|,25
163|,157|,26
163|,363|,15
163|,342|,15
163|,160|,25
163|,341|,26
163|,340|,94
163|,153|,41
163|,375|,10
163|,143|,13
163|,215|163,141
163|,216|,38
163|,196|,96
163|,191|163,51
163|,178|,53
196|368,340|,26
196|368,222|,11
217|191,368|,10
186|,83|,10
341|181,217|,12
210|217,23|,30
210|217,22|,75
210|217,366|210.217,83
210|217,368|,29
210|217,208|,17
210|217,209|,53
210|217,220|,40
210|217,211|,32
210|217,203|,15
210|217,363|,56
210|217,342|,139
210|217,212|,19
210|217,365|,59
210|217,340|,15
210|217,205|,33
210|217,207|,12
210|217,204|,17
210|217,339|,17
210|217,21|,115
210|217,20|,58
210|217,217|,80
16|217,339|,10
155|,23|,17
155|,156|,19
155|,157|,15
155|,25|,24
155|,363|,10
155|,83|,12
155|,212|,40
155|,215|,18
155|,340|155,127
155|,211|,11
155|,213|,39
155|,190|,34
155|,191|,144
155|,192|,88
341|205,216|,10
341|205,214|,12
364|210,363|,20
228|,340|,19
228|,83|,10
143|,191|143,176
143|,23|,12
143|,25|,326
143|,340|143,158
143|,83|,23
143|,339|,11
143|,211|,15
143|,209|,13
143|,190|,31
143|,220|,11
143|,366|,16
143|,84|,14
143|,156|,13
143|,203|,10
143|,210|,14
143|,233|,20
143|,213|,41
143|,342|,16
143|,212|,34
143|,21|,15
143|,215|,16
143|,364|,33
143|,192|,24
143|,204|,14
143|,363|,54
143|,205|,17
143|,164|,10
143|,20|,11
143|,178|,12
366|,299|,11
366|,22|,1226
366|,238|,13
366|,371|,13
366|,218|,68
366|,226|,13
366|,26|,14
366|,208|,248
366|,181|,17
366|,207|,130
366|,365|,1594
366|,191|,27
366|,158|,23
366|,221|,56
366|,341|366,96
366|,197|,17
366|,202|,84
366|,223|,46
366|,210|,1638
366|,233|,34
366|,200|,16
366|,342|,1756
366|,212|,991
366|,364|,49
366|,89|,11
366|,206|,24
366|,340|,911
366|,214|,59
366|,367|,112
366|,339|,290
366|,21|,958
366|,83|366,198
366|,204|,314
366|,196|366,96
366|,23|,906
366|,369|,60
366|,25|,29
366|,219|,52
366|,216|366,146
366|,368|,548
366|,164|,16
366|,192|,17
366|,209|,690
366|,16|,42
366|,180|,14
366|,190|,14
366|,220|,1516
366|,84|,75
366|,222|,183
366|,199|,15
366|,211|,485
366|,234|,46
366|,157|,12
366|,203|,331
366|,224|,25
366|,160|,14
366|,213|,103
366|,217|,790
366|,201|,25
366|,19|,44
366|,215|,153
366|,205|,593
366|,153|,11
366|,143|,20
366|,363|,1525
366|,151|,10
366|,278|,57
366|,225|,14
366|,20|,525
26|223,223|,13
278|20,363|,18
160|162,159|160,11
160|162,180|,11
160|162,181|160,10
363|219,205|,19
363|219,365|,15
83|365,363|,10
83|365,21|,10
340|143,212|340,11
340|143,217|340,11
340|143,220|,10
366|210.217,340|,12
181|,22|,15
181|,372|,10
181|,160|181,61
181|,83|,28
181|,142|,10
181|,208|,11
181|,152|,22
181|,158|,77
181|,156|,10
181|,340|181,122
181|,210|,21
181|,215|181,110
181|,363|,21
181|,342|,28
181|,212|,51
181|,365|,10
181|,180|181,154
181|,204|,12
181|,216|,46
181|,21|,20
181|,217|,52
181|,23|,41
181|,25|,46
181|,27|,13
181|,368|,30
181|,375|,32
181|,211|,55
181|,209|,22
181|,164|181,85
181|,149|,19
181|,190|,24
181|,191|181,67
181|,220|,25
181|,196|,102
181|,159|,102
181|,222|,47
181|,163|,88
181|,162|,59
181|,157|,34
181|,213|,16
181|,153|,45
181|,192|,24
181|,143|,19
181|,341|181,68
181|,366|,17
181|,20|,16
181|,178|,41
164|83,83|,22
178|83,83|,11
153|83,83|,22
221|,340|221,168
221|,83|,54
221|,218|,10
221|,208|,58
221|,181|,10
221|,212|221,79
221|,158|,17
221|,342|,272
221|,365|,52
221|,214|,438
221|,22|221,84
221|,367|,16
221|,339|,18
221|,21|,198
221|,204|,22
221|,216|,212
221|,66|,10
221|,368|,126
221|,23|221,135
221|,366|,58
221|,209|,241
221|,210|221,103
221|,220|,67
221|,196|,56
221|,84|,24
221|,222|,634
221|,211|,370
221|,234|,15
221|,203|,26
221|,213|,26
221|,341|,420
221|,19|,12
221|,215|,87
221|,205|,31
221|,207|,33
221|,217|,648
221|,363|221,86
221|,20|,124
153|212,340|,12
220|191,342|,12
220|191,212|,10
340|158,23|,11
210|,299|,31
210|,199|,27
210|,371|,11
210|,218|,180
210|,341|,138
210|,26|,16
210|,208|,610
210|,181|,20
210|,19|,137
210|,213|,67
210|,207|,364
210|,83|210,185
210|,365|,1260
210|,191|,22
210|,158|,21
210|,197|,40
210|,202|,95
210|,223|,64
210|,233|,55
210|,200|,22
210|,342|,3723
210|,364|210,101
210|,212|,434
210|,369|210,81
210|,206|,28
210|,340|,457
210|,214|,119
210|,217|,1019
210|,375|,12
210|,21|,3285
210|,216|,239
210|,204|,352
210|,23|,808
210|,25|,33
210|,219|,60
210|,368|,779
210|,84|210,84
210|,339|,457
210|,156|,11
210|,209|,2126
210|,16|,81
210|,180|,16
210|,221|210,127
210|,190|,15
210|,113|,13
210|,220|,793
210|,159|,14
210|,222|,250
210|,211|,609
210|,157|,10
210|,203|,692
210|,224|,38
210|,160|,20
210|,370|,19
210|,232|,15
210|,234|210,71
210|,201|,26
210|,226|,19
210|,22|,1550
210|,196|210,93
210|,205|,717
210|,153|,12
210|,192|,16
210|,215|210,118
210|,143|,22
210|,363|,1641
210|,366|,1549
210|,367|210,79
210|,164|,18
210|,278|,57
210|,225|,17
210|,20|,1520
210|,178|,11
209|84,342|,11
89|,340|,17
89|,84|,23
89|,83|,13
89|,223|,19
89|,234|,15
89|,224|,12
89|,363|,23
89|,369|,10
89|,278|,14
210|367,342|,11
32|,340|,16
32|,83|,10
341|339,222|,11
278|217,363|,15
363|224,205|,12
182|83,83|,20
44|,340|,13
204|,299|,12
204|,199|,25
204|,278|,42
204|,369|,29
204|,218|,181
204|,26|,14
204|,208|,291
204|,222|204,92
204|,181|,10
204|,17|,36
204|,22|,195
204|,365|,520
204|,191|,21
204|,221|,31
204|,197|,33
204|,202|,337
204|,223|,30
204|,210|,313
204|,233|,20
204|,200|,23
204|,342|,666
204|,212|,297
204|,364|,16
204|,206|,83
204|,340|,312
204|,214|,28
204|,367|,63
204|,216|,53
204|,21|,466
204|,23|,253
204|,25|,14
204|,219|,83
204|,368|,154
204|,339|,1828
204|,209|,273
204|,16|,218
204|,220|,303
204|,366|,318
204|,196|,44
204|,84|,77
204|,211|,165
204|,234|,65
204|,83|204,92
204|,203|,1431
204|,224|,18
204|,213|,56
204|,201|,30
204|,341|,45
204|,19|,155
204|,215|,39
204|,207|,326
204|,217|,283
204|,363|,1343
204|,205|,1855
204|,20|,454
369|363,363|,27
369|363,340|369,10
211|191,217|,14
220|22.368,365|,11
181|217,180|181,11
191|143,340|,12
191|143,192|,18
191|143,25|,23
365|367,363|,10
211|216.222,212|,10
367|217,23|,13
367|217,212|,28
363|196,205|,14
234|21,84|234,37
234|21,83|234,10
234|21,363|,12
234|21,21|,10
197|209,209|,22
21|205,23|,18
21|205,22|,36
21|205,216|,10
21|205,368|,25
21|205,205|,49
21|205,342|21.205,100
21|205,209|,82
21|205,218|,10
21|205,210|21,75
21|205,220|,17
21|205,366|,20
21|205,211|,13
21|205,203|,30
21|205,208|,44
21|205,363|,87
21|205,365|,41
21|205,340|,15
21|205,207|,19
21|205,217|,42
21|205,339|,17
21|205,20|,112
21|205,204|,20
27|,340|,29
27|,216|,11
27|,153|,52
27|,181|,14
27|,180|,14
27|,163|,25
27|,164|,22
27|,215|,33
27|,83|,18
27|,196|,16
368|,299|,10
368|,155|,14
368|,212|,679
368|,83|,100
368|,218|,134
368|,26|,13
368|,208|,343
368|,22|368,1404
368|,181|,22
368|,207|,232
368|,365|,347
368|,191|,50
368|,158|,28
368|,221|,140
368|,222|,261
368|,197|,30
368|,156|,17
368|,223|,25
368|,162|,11
368|,233|,17
368|,196|368,118
368|,200|,28
368|,342|,3189
368|,278|,45
368|,364|,41
368|,206|,17
368|,340|,669
368|,214|,224
368|,367|,90
368|,375|,13
368|,21|,1005
368|,216|,346
368|,225|,11
368|,204|,145
368|,23|,1949
368|,369|,39
368|,159|,22
368|,25|,31
368|,219|,47
368|,14|,10
368|,339|,229
368|,211|,1096
368|,209|,1670
368|,16|,46
368|,180|,22
368|,149|,10
368|,190|,20
368|,220|,807
368|,210|,841
368|,84|,36
368|,152|,11
368|,199|,54
368|,163|,18
368|,234|,32
368|,157|,19
368|,203|,241
368|,224|,18
368|,160|,25
368|,213|,85
368|,217|,3465
368|,201|,42
368|,341|,249
368|,19|,49
368|,215|,203
368|,205|,288
368|,153|,26
368|,192|,28
368|,143|,10
368|,363|,528
368|,366|,551
368|,164|,31
368|,202|,56
368|,20|,716
368|,178|,23
14|,208|,12
14|,197|,34
14|,219|,34
14|,209|,31
14|,217|,10
14|,218|,22
14|,200|,33
14|,207|,26
14|,21|,13
14|,199|,19
14|,20|,19
202|209,339|,34
221|365,222|,13
221|365,214|,12
210|221,342|,17
210|221,21|,16
366|83,210|,16
366|83,342|,14
366|83,220|,15
366|83,83|366,16
366|83,365|,13
22|214,342|,13
22|214,368|,10
181|160,196|,11
191|181,340|,11
222|83,83|,10
222|83,217|,10
158|217,215|158,11
180|181,211|,10
180|181,340|180,10
180|181,215|,14
110|,202|,11
203|222,205|,10
83|209,342|,12
83|209,21|,17
161|,159|,10
161|,160|,21
161|,215|,13
212|214,23|,11
212|214,220|,17
204|203.207,342|,10
178|212,340|178,12
197|342,200|,11
163|178,180|,11
224|84,84|,16
210|369,342|,17
153|,159|,15
153|,191|,60
153|,23|,22
153|,212|,35
153|,83|,50
153|,27|,17
153|,368|,11
153|,205|,13
153|,209|,10
153|,180|,59
153|,149|,25
153|,182|,14
153|,158|,17
153|,196|,66
153|,84|,10
153|,222|,16
153|,211|,31
153|,157|,29
153|,162|,19
153|,181|,97
153|,363|,16
153|,342|,14
153|,25|,21
153|,160|,13
153|,341|,16
153|,340|,131
153|,192|,38
153|,217|,19
153|,163|153,173
153|,213|,16
153|,164|,49
153|,215|153,135
153|,21|,10
153|,216|,41
153|,178|,62
374|,340|,13
207|234,20|,10
178|340,340|178,21
168|,83|,14
223|369,278|223,11
365|219,366|,11
223|278,363|,15
223|278,278|223,26
164|181,181|164,14
339|84,203|,12
220|222,366|,24
220|222,342|,20
220|222,22|,18
220|222,210|,11
224|342,363|224,10
215|365,340|,19
215|365,216|,17
215|365,211|,15
210|218,366|,10
210|218,342|,21
210|218,209|,13
340|181,212|340,21
120|,202|,10
368|342,23|,279
368|342,22|368,155
368|342,220|,111
368|342,83|,14
368|342,218|,21
368|342,341|,46
368|342,208|,39
368|342,363|368.342,59
368|342,209|,191
368|342,365|,39
368|342,366|,70
368|342,221|,25
368|342,222|,43
368|342,211|,136
368|342,203|,36
368|342,210|,102
368|342,196|368,11
368|342,213|,13
368|342,342|,371
368|342,212|,113
368|342,207|,27
368|342,215|,32
368|342,340|,100
368|342,205|,40
368|342,214|,42
368|342,204|,14
368|342,339|,24
368|342,21|,116
368|342,216|,55
368|342,20|,60
368|342,217|,418
223|21,363|,12
202|342,339|,32
202|342,363|,17
363|367,205|,10
368|196,342|,16
368|196,217|,29
180|83,83|,17
183|,340|,20
183|,190|,17
183|,156|,27
183|,83|,17
158|,22|,20
158|,163|,14
158|,371|,20
158|,83|,34
158|,217|158,55
158|,181|,38
158|,212|,25
158|,221|,13
158|,340|158,116
158|,210|,15
158|,363|,24
158|,342|,30
158|,341|158,110
158|,216|158,68
158|,214|,18
158|,375|,77
158|,21|,19
158|,23|,26
158|,25|,34
158|,215|158,112
158|,160|,34
158|,368|,19
158|,164|,26
158|,192|,16
158|,209|,26
158|,180|,39
158|,84|,17
158|,220|,15
158|,159|,94
158|,211|,60
158|,234|,12
158|,162|,15
158|,191|158,39
158|,213|,11
158|,153|,11
158|,222|158,91
158|,366|,23
158|,196|158,97
158|,178|,11
175|,340|,11
175|,215|,11
20|83,208|,24
20|83,21|,43
20|83,209|,12
20|83,217|,12
20|83,363|,10
20|83,342|,11
20|83,83|20,30
20|83,210|20,12
352|,83|,11
223|,22|,36
223|,369|,53
223|,208|,15
223|,191|,17
223|,202|,15
223|,210|,32
223|,233|,89
223|,266|,45
223|,225|,19
223|,212|,49
223|,364|,13
223|,365|,87
223|,340|,98
223|,358|,17
223|,204|,43
223|,339|,40
223|,363|,264
223|,21|,52
223|,278|223,280
223|,23|,33
223|,83|,82
223|,25|,15
223|,219|,13
223|,368|,22
223|,366|,51
223|,209|,33
223|,16|,22
223|,220|,41
223|,84|,128
223|,222|,10
223|,211|,21
223|,234|,56
223|,203|,42
223|,224|,39
223|,213|,16
223|,226|,17
223|,215|,13
223|,207|,12
223|,217|,40
223|,89|,22
223|,205|,70
223|,26|223,69
223|,342|,43
223|,20|,50
83|217,21|,10
99|,202|,11
215|181,340|,19
215|181,217|,12
363|,238|,15
363|,160|,22
363|,218|,287
363|,61|,13
363|,208|,904
363|,181|,19
363|,278|363,116
363|,17|,11
363|,199|,54
363|,197|,41
363|,156|,12
363|,233|363,87
363|,162|,16
363|,89|,10
363|,225|,40
363|,365|,2877
363|,340|,662
363|,204|,1508
363|,229|,11
363|,83|363,219
363|,367|,88
363|,23|,789
363|,368|,602
363|,14|,11
363|,339|,1669
363|,211|,525
363|,209|,890
363|,180|,10
363|,190|,19
363|,214|363,89
363|,241|,11
363|,222|,239
363|,360|,11
363|,157|,19
363|,213|,93
363|,232|,12
363|,201|,57
363|,226|,33
363|,19|,250
363|,375|,13
363|,217|,910
363|,370|,17
363|,205|,4399
363|,178|,17
363|,299|,14
363|,22|,1040
363|,369|363,126
363|,196|363,99
363|,26|,41
363|,364|363,97
363|,191|,40
363|,158|,30
363|,202|,284
363|,266|,30
363|,342|,1835
363|,212|,684
363|,153|,11
363|,206|,189
363|,113|,16
363|,216|,202
363|,21|,2439
363|,223|363,116
363|,215|363,145
363|,25|,31
363|,288|,10
363|,219|,116
363|,192|,21
363|,16|,168
363|,84|,113
363|,220|,844
363|,159|,18
363|,163|,14
363|,234|,75
363|,210|,1663
363|,203|,2385
363|,224|,43
363|,341|,129
363|,207|,534
363|,228|,11
363|,281|,12
363|,143|,39
363|,221|363,91
363|,200|,25
363|,366|,1576
363|,164|,27
363|,20|,2195
342|,238|,10
342|,371|,11
342|,369|,79
342|,218|,432
342|,208|,1297
342|,181|,43
342|,199|,116
342|,152|,18
342|,113|,20
342|,223|342,89
342|,156|,38
342|,210|,3496
342|,233|,56
342|,200|,73
342|,225|,20
342|,89|,11
342|,340|,1032
342|,214|,255
342|,358|,12
342|,204|,451
342|,229|,12
342|,142|,12
342|,23|,1877
342|,164|342,56
342|,222|,595
342|,160|,35
342|,27|,14
342|,14|,18
342|,339|,642
342|,163|,32
342|,209|,5935
342|,180|,46
342|,149|,18
342|,190|,39
342|,84|342,131
342|,234|342,103
342|,110|,10
342|,157|,45
342|,360|,13
342|,213|,149
342|,232|,14
342|,226|,31
342|,19|,220
342|,364|,89
342|,375|,31
342|,217|,3930
342|,370|,23
342|,205|,933
342|,178|,61
342|,224|342,54
342|,299|,54
342|,22|,3054
342|,198|,18
342|,368|342,3032
342|,202|342,181
342|,162|,32
342|,26|,41
342|,197|342,65
342|,148|,12
342|,158|,59
342|,187|,10
342|,83|342,275
342|,191|342,74
342|,266|,16
342|,212|,1054
342|,153|,39
342|,206|,32
342|,221|,292
342|,367|,149
342|,365|342,1269
342|,201|342,86
342|,216|,532
342|,21|,4591
342|,25|,54
342|,219|,187
342|,66|,11
342|,278|342,97
342|,192|,61
342|,16|,124
342|,220|,1355
342|,182|,17
342|,196|,208
342|,159|,31
342|,211|,1377
342|,373|,10
342|,203|,774
342|,155|,18
342|,341|,371
342|,215|,353
342|,207|,669
342|,281|,14
342|,143|,45
342|,363|,1799
342|,366|,1617
342|,20|,2651
216|207,211|,11
212|,238|,12
212|,160|,41
212|,369|,37
212|,218|,111
212|,208|,231
212|,181|,64
212|,22|,662
212|,152|,16
212|,153|212,71
212|,197|,26
212|,156|,59
212|,210|,510
212|,233|,22
212|,200|,21
212|,225|,16
212|,203|212,153
212|,278|,66
212|,365|,533
212|,340|,2330
212|,211|212,938
212|,214|,121
212|,204|,297
212|,229|,12
212|,142|,14
212|,191|212,114
212|,23|,2236
212|,27|,21
212|,368|,695
212|,339|,228
212|,190|212,77
212|,209|,594
212|,180|,42
212|,149|,28
212|,84|,51
212|,222|,436
212|,157|,63
212|,213|,372
212|,201|,34
212|,226|,13
212|,19|,44
212|,364|,36
212|,375|,21
212|,217|,1280
212|,205|,389
212|,199|,45
212|,178|212,56
212|,83|,84
212|,26|,19
212|,183|,11
212|,158|,49
212|,202|,105
212|,223|,82
212|,266|,17
212|,342|,1182
212|,371|,10
212|,206|,18
212|,367|,369
212|,216|,353
212|,21|,483
212|,221|212,90
212|,25|,91
212|,219|,89
212|,29|,11
212|,16|,53
212|,220|,2047
212|,182|,12
212|,196|,290
212|,159|,38
212|,163|,53
212|,234|,31
212|,162|,42
212|,224|,17
212|,155|,35
212|,341|,241
212|,215|,373
212|,45|,10
212|,207|,133
212|,192|,114
212|,143|,47
212|,363|,636
212|,366|,1139
212|,164|,63
212|,20|,316
231|,83|,30
340|155,23|,12
340|155,217|340,11
340|155,211|,10
181|164,159|,11
181|164,340|181,10
181|164,180|181,15
181|164,164|181,13
262|,83|,17
365|342,23|,37
365|342,22|,47
365|342,339|,22
365|342,368|,19
365|342,208|,15
365|342,209|,39
365|342,220|,34
365|342,222|,11
365|342,211|,24
365|342,210|,140
365|342,203|,31
365|342,363|,182
365|342,342|,117
365|342,212|,33
365|342,366|365.342,102
365|342,340|,25
365|342,217|,32
365|342,205|,65
365|342,21|,90
365|342,20|,39
365|342,204|,30
223|266,278|223,12
209|83,217|,14
209|83,210|,12
209|83,83|209,25
209|83,342|,28
209|83,21|,27
209|83,20|,22
84|83,83|84,18
84|83,21|,19
84|83,20|,10
196|205,212|,10
222|212.340,196|,10
21|339.203,363|,14
288|,340|,19
288|,83|,24
288|,229|,11
210|16,342|,10
66|,216|,12
66|,214|,23
66|,217|,16
216|366,340|,10
216|366,211|,28
216|366,217|,16
159|340,340|159,10
363|221,205|,12
29|,164|,31
29|,181|,15
29|,160|,13
29|,162|,38
29|,215|,14
16|,363|,173
16|,199|,53
16|,83|,32
16|,22|,48
16|,23|,48
16|,212|,33
16|,210|16,72
16|,369|,12
16|,21|16,107
16|,218|,398
16|,208|,106
16|,211|,29
16|,209|,101
16|,368|,33
16|,17|,33
16|,223|,12
16|,220|,27
16|,366|,46
16|,84|,26
16|,222|,11
16|,197|,24
16|,202|,897
16|,234|,17
16|,203|,251
16|,360|,10
16|,200|,96
16|,342|,82
16|,115|,14
16|,201|,116
16|,19|,89
16|,365|,74
16|,340|,46
16|,205|,161
16|,207|,189
16|,204|,157
16|,219|,268
16|,213|,16
16|,339|,600
16|,216|,12
16|,20|,130
16|,217|,64
199|217,217|,11
226|83,83|,13
369|21,363|,14
203|,199|,29
203|,278|,36
203|,369|,30
203|,218|,304
203|,26|,14
203|,208|,597
203|,181|,16
203|,17|,11
203|,22|,447
203|,215|203,64
203|,365|,637
203|,191|,19
203|,221|,37
203|,197|,19
203|,202|,272
203|,223|,34
203|,210|,797
203|,233|,26
203|,200|,22
203|,342|,970
203|,212|,227
203|,364|,25
203|,206|,41
203|,340|,276
203|,214|,51
203|,204|,1300
203|,339|203,2588
203|,21|,1267
203|,367|,24
203|,23|,416
203|,83|,103
203|,25|,12
203|,219|,148
203|,368|,285
203|,216|,99
203|,192|,14
203|,209|,419
203|,16|,164
203|,220|,252
203|,366|,327
203|,196|,45
203|,84|,63
203|,222|,76
203|,211|,272
203|,234|,58
203|,213|,35
203|,201|,32
203|,341|,56
203|,19|,295
203|,207|,617
203|,217|,347
203|,363|,2292
203|,205|,2426
203|,20|,1376
342|21.205,21|,24
217|158,209|,11
22|215,342|,26
22|215,220|,11
22|215,20|,11
22|215,368|,13
215|164,340|,14
215|164,23|,11
215|164,217|,14
223|340,278|223,12
205|196,203|,11
369|83,83|,11
281|,340|,29
281|,84|,15
281|,234|,15
281|,363|,23
281|,83|,32
281|,226|,18
340|214,23|,17
340|214,220|,26
340|214,212|340,31
340|156,366|,11
340|156,212|340,21
340|156,217|340,10
365|216,205|,10
365|216,363|,17
216|222,23|,31
216|222,211|216.222,84
216|222,22|,14
216|222,210|,17
216|222,222|,34
216|222,363|,13
216|222,342|,33
216|222,341|,33
216|222,212|,22
216|222,21|,24
216|222,368|,23
216|222,215|,16
216|222,340|,23
216|222,214|,13
216|222,209|,25
216|222,217|,65
216|222,366|,10
216|222,20|,16
216|222,220|,16
216|222,221|,14
367|210,220|,11
223|83,83|,25
83|366,205|,11
20|,266|,16
20|,299|,61
20|,22|,690
20|,23|,525
20|,212|,333
20|,221|,123
20|,218|,786
20|,61|,10
20|,26|,35
20|,208|,3375
20|,181|,13
20|,84|20,150
20|,207|,1677
20|,152|,12
20|,191|,42
20|,158|,22
20|,113|,26
20|,252|,10
20|,210|20,1675
20|,197|,114
20|,156|,19
20|,223|,87
20|,234|20,116
20|,233|,58
20|,363|,2528
20|,342|,2702
20|,364|,39
20|,365|,846
20|,340|,393
20|,214|,145
20|,358|,15
20|,367|,41
20|,196|20,60
20|,164|,14
20|,21|,5361
20|,163|,12
20|,216|,263
20|,204|,401
20|,198|,23
20|,206|,57
20|,25|,23
20|,219|,262
20|,368|,718
20|,14|,15
20|,339|,721
20|,202|,151
20|,209|,3109
20|,16|,127
20|,180|,13
20|,190|,20
20|,220|,313
20|,83|20,245
20|,159|,15
20|,222|,234
20|,199|,100
20|,211|,537
20|,162|,10
20|,203|,1121
20|,224|,33
20|,160|,15
20|,213|,56
20|,217|,1384
20|,341|,143
20|,201|,71
20|,226|,28
20|,19|,728
20|,215|,146
20|,205|,1067
20|,153|,14
20|,192|,24
20|,281|,16
20|,143|,19
20|,200|,71
20|,366|,477
20|,369|20,94
20|,278|20,102
20|,225|,17
20|,178|,18
196|220,340|,22
340|221,23|,18
340|221,220|,10
340|221,212|340,32
238|,340|,31
238|,84|,15
238|,83|,18
238|,281|,13
238|,234|,16
238|,363|,26
238|,369|,10
238|,226|,10
212|84,342|,11
156|83,83|,13
191|22,340|,14
215|203,211|,10
203|84,363|,13
208|,299|,25
208|,199|,104
208|,215|208,68
208|,23|,275
208|,278|,36
208|,369|,28
208|,218|,1108
208|,26|,13
208|,22|,314
208|,365|,291
208|,191|,11
208|,158|,13
208|,221|,59
208|,197|,95
208|,202|,113
208|,223|,25
208|,210|,584
208|,233|,28
208|,200|,104
208|,342|,1068
208|,212|,166
208|,364|,24
208|,206|,40
208|,340|,198
208|,214|,79
208|,204|,294
208|,339|,533
208|,21|,1585
208|,216|,93
208|,367|,29
208|,198|,17
208|,83|,112
208|,25|,11
208|,219|,346
208|,368|,338
208|,14|,14
208|,164|,12
208|,209|,2195
208|,16|,143
208|,113|,18
208|,220|,137
208|,366|,204
208|,196|,33
208|,84|,76
208|,222|,91
208|,211|,218
208|,234|,63
208|,203|,651
208|,213|,31
208|,201|,66
208|,341|,56
208|,19|,484
208|,207|,3526
208|,217|,789
208|,363|,965
208|,205|,810
208|,20|,4530
369|84,84|,10
164|159,181|164,11
193|,340|,16
193|,215|,15
193|,196|,15
365|341,363|,15
240|,83|,11
223|342,84|,11
223|342,363|,13
212|217,23|,147
212|217,220|212.217,119
212|217,22|,45
212|217,211|212,76
212|217,339|,14
212|217,368|,38
212|217,208|,12
212|217,209|,26
212|217,365|,30
212|217,366|,54
212|217,196|,28
212|217,222|,24
212|217,217|,92
212|217,210|,19
212|217,363|,30
212|217,342|,77
212|217,341|,17
212|217,215|,23
212|217,340|,171
212|217,204|,10
212|217,213|,18
212|217,205|,23
212|217,21|,34
212|217,216|,16
212|217,20|,15
212|217,367|,36
211|218,340|,10
211|218,217|,12
156|,23|,14
156|,25|,49
156|,212|,31
156|,191|156,111
156|,83|,36
156|,368|,12
156|,192|,82
156|,209|,11
156|,183|,14
156|,190|,307
156|,220|,12
156|,236|,10
156|,84|,16
156|,211|,16
156|,157|,22
156|,213|,34
156|,342|,16
156|,155|,58
156|,215|,22
156|,45|,21
156|,153|,19
156|,217|,13
156|,340|156,163
156|,363|,13
156|,366|,11
156|,178|,20
233|363,363|,21
373|,340|,17
373|,153|,11
373|,83|,16
373|,191|,16
373|,215|,13
366|23.211,21|,11
225|,84|,61
225|,363|,35
225|,83|,23
225|,223|,12
225|,224|,42
225|,340|,70
225|,89|,10
225|,369|,31
225|,212|,16
225|,21|,10
225|,278|,16
225|,226|,40
225|,366|,11
225|,233|,14
225|,213|,12
225|,205|,13
225|,234|,25
225|,365|,16
225|,191|,12
203|212,339|203,22
203|212,204|,11
203|212,20|,11
203|212,365|,10
146|,83|,13
278|209,363|,14
278|209,233|278,10
365|,339|,485
365|,266|,15
365|,299|,32
365|,22|,832
365|,83|365,150
365|,238|,10
365|,212|,550
365|,218|,114
365|,226|,12
365|,26|,21
365|,208|,295
365|,181|,11
365|,213|,70
365|,199|,26
365|,191|,33
365|,158|,29
365|,202|365,115
365|,197|,23
365|,223|,67
365|,210|,1489
365|,233|,49
365|,200|,15
365|,342|,1441
365|,369|365,58
365|,278|,65
365|,364|,41
365|,206|,56
365|,340|,557
365|,214|,52
365|,358|,10
365|,204|,467
365|,164|,11
365|,21|,1420
365|,216|,169
365|,367|,71
365|,23|,614
365|,25|,31
365|,219|,56
365|,368|,394
365|,205|,990
365|,192|,20
365|,209|,615
365|,16|,63
365|,180|,13
365|,190|,15
365|,113|,13
365|,220|,853
365|,84|,79
365|,222|,172
365|,211|,389
365|,234|,74
365|,217|,593
365|,203|,492
365|,224|,34
365|,160|,10
365|,370|,10
365|,215|365,137
365|,201|,35
365|,341|,103
365|,19|,77
365|,207|,188
365|,143|,10
365|,363|,2479
365|,366|,1528
365|,221|365,75
365|,196|365,85
365|,225|,15
365|,20|,700
340|,371|,20
340|,369|,63
340|,218|,123
340|,208|,280
340|,22|,704
340|,152|,30
340|,221|,158
340|,197|,29
340|,156|,130
340|,164|340,111
340|,210|,531
340|,233|,23
340|,200|,26
340|,225|,11
340|,153|340,97
340|,278|,67
340|,365|,515
340|,214|,192
340|,204|,322
340|,229|,10
340|,142|,24
340|,367|,193
340|,23|,2086
340|,160|,52
340|,181|340,86
340|,27|,31
340|,368|,774
340|,339|,257
340|,211|,2079
340|,209|,695
340|,149|,32
340|,190|,199
340|,236|,16
340|,84|,47
340|,222|,676
340|,180|340,70
340|,213|,468
340|,201|,37
340|,226|,15
340|,19|,40
340|,364|,47
340|,375|,45
340|,205|,439
340|,299|,12
340|,199|,55
340|,32|,10
340|,83|,120
340|,26|,36
340|,212|340,3688
340|,183|,15
340|,148|,15
340|,191|,315
340|,157|340,90
340|,178|340,99
340|,202|,77
340|,187|,17
340|,223|340,76
340|,363|,591
340|,342|,1145
340|,206|,16
340|,140|,10
340|,113|,15
340|,216|,638
340|,21|,536
340|,217|340,1637
340|,25|,226
340|,219|,74
340|,159|340,58
340|,366|,1050
340|,192|,230
340|,16|,62
340|,220|,1704
340|,182|,38
340|,196|,573
340|,234|,46
340|,162|,59
340|,203|,175
340|,224|,28
340|,158|340,83
340|,155|,54
340|,341|,413
340|,215|,923
340|,45|,15
340|,207|,183
340|,29|,12
340|,143|,79
340|,266|,27
340|,151|,14
340|,163|340,71
340|,20|,404
340|,372|,15
214|,299|,10
214|,199|,10
214|,160|,11
214|,83|,28
214|,218|,18
214|,208|,75
214|,210|214,78
214|,191|,19
214|,158|,12
214|,221|,417
214|,363|,74
214|,342|,257
214|,21|214,109
214|,365|,52
214|,367|,10
214|,339|,24
214|,212|214,100
214|,216|,304
214|,204|,25
214|,23|,244
214|,215|214,104
214|,340|214,172
214|,219|,10
214|,368|,247
214|,205|,49
214|,192|,12
214|,209|,226
214|,220|214,81
214|,180|,10
214|,22|214,105
214|,196|,59
214|,159|,12
214|,222|,229
214|,211|,578
214|,203|,46
214|,20|214,111
214|,213|,14
214|,341|,532
214|,207|,34
214|,217|,1117
214|,366|,52
214|,164|,11
364|363,363|,22
313|,340|,19
313|,83|,12
313|,196|,12
342|202,209|,23
342|202,22|,12
342|202,210|,12
278|223,266|,13
278|223,21|,11
278|223,217|,12
278|223,363|,29
278|223,233|278,15
278|223,369|,10
278|223,223|278,25
21|367,20|,12
40|,83|,52
198|,209|,26
198|,208|,14
198|,207|,24
198|,199|,20
198|,217|,13
198|,218|,17
198|,200|,27
198|,219|,35
198|,20|,17
198|,14|,17
196|209,340|,25
196|209,215|,10
196|20,340|,15
137|,339|,10
137|,202|,13
137|,16|,10
191|211,340|,27
191|211,192|,15
216|,196|216,126
216|,299|,11
216|,199|,10
216|,364|,11
216|,160|,30
216|,369|,14
216|,218|,43
216|,208|,112
216|,181|,26
216|,22|,282
216|,152|,11
216|,158|,32
216|,221|,184
216|,365|216,138
216|,156|,24
216|,223|,11
216|,162|,22
216|,200|,11
216|,342|,610
216|,212|,344
216|,207|,79
216|,340|,549
216|,214|,226
216|,204|,57
216|,164|,30
216|,21|,404
216|,191|216,58
216|,367|,37
216|,23|,610
216|,83|,38
216|,159|,17
216|,25|,41
216|,219|,29
216|,368|,457
216|,339|,59
216|,202|,21
216|,209|,352
216|,16|,14
216|,180|,35
216|,211|,1569
216|,375|,15
216|,190|,27
216|,220|,227
216|,366|,149
216|,210|,256
216|,84|,32
216|,222|,416
216|,163|,27
216|,234|,16
216|,157|,17
216|,203|,87
216|,143|,16
216|,213|,45
216|,155|,11
216|,341|,578
216|,19|,20
216|,215|,569
216|,153|,20
216|,192|,49
216|,217|,1194
216|,363|,234
216|,205|,111
216|,20|,232
216|,178|,25
163|217,215|163,11
153|191,163|153,15
83|234,234|83,11
60|,25|,10
278|342,363|,16
205|369,203|,17
149|,222|,10
149|,163|,27
149|,157|,23
149|,83|,32
149|,212|,16
149|,27|,13
149|,215|,42
149|,340|,58
149|,153|,24
149|,181|,19
149|,180|,14
149|,211|,11
149|,216|,17
149|,178|,14
149|,191|,41
149|,192|,19
149|,196|,18
363|206,205|,18
363|206,342|,14
363|206,21|,14
363|206,209|,10
363|206,206|,10
19|22,207|,19
181|159,180|181,10
236|,340|,29
236|,84|,10
236|,156|,16
236|,190|,23
236|,83|,11
236|,191|,23
201|207,16|,19
84|,223|84,85
84|,217|84,58
84|,199|,17
84|,234|84,222
84|,238|,10
84|,278|84,87
84|,218|,57
84|,341|,22
84|,26|,19
84|,208|,60
84|,181|,16
84|,369|84,40
84|,19|,13
84|,366|84,88
84|,203|84,62
84|,207|,64
84|,342|84,121
84|,191|,20
84|,158|,23
84|,221|,24
84|,252|,10
84|,224|84,48
84|,197|,14
84|,202|,37
84|,210|,104
84|,233|,47
84|,200|,14
84|,364|,13
84|,89|,19
84|,206|,10
84|,340|,81
84|,209|84,64
84|,214|,12
84|,358|,33
84|,204|,89
84|,229|,19
84|,212|84,62
84|,216|,21
84|,363|,213
84|,21|,256
84|,23|,59
84|,25|,15
84|,219|,32
84|,368|,31
84|,192|,15
84|,16|,28
84|,180|,12
84|,190|,13
84|,220|,49
84|,196|,16
84|,159|,13
84|,222|,42
84|,157|,17
84|,213|,27
84|,232|,14
84|,211|84,51
84|,226|,13
84|,22|,33
84|,215|,20
84|,365|84,122
84|,205|,122
84|,153|,18
84|,225|84,27
84|,281|,12
84|,143|,11
84|,266|,17
84|,339|84,79
84|,83|84,98
84|,164|,19
84|,20|,141
84|,178|,14
163|164,181|,11
21|217.340,217|,10
196|341,340|,29
196|341,220|,11
196|341,341|,11
365|215,366|,11
365|215,363|,20
365|215,21|,13
201|,23|,15
201|,219|,195
201|,22|,21
201|,83|,11
201|,218|,209
201|,208|,44
201|,211|,15
201|,209|,69
201|,16|,293
201|,199|,53
201|,220|,18
201|,113|,10
201|,197|,10
201|,202|,123
201|,203|,50
201|,210|,21
201|,200|,116
201|,342|,25
201|,212|,26
201|,19|,32
201|,365|,13
201|,340|,28
201|,205|,24
201|,207|,67
201|,368|,12
201|,204|,25
201|,363|,35
201|,339|,103
201|,21|,46
201|,20|,59
201|,217|,37
114|,16|,11
197|217,209|,14
340|180,23|,12
340|180,212|340,16
363|205.23,366|,12
363|213,205|,10
217|83,342|,11
217|83,209|,11
217|83,83|217,10
287|,340|,16
287|,226|,10
178|,23|,29
178|,22|,12
178|,220|,23
178|,25|,29
178|,160|,13
178|,340|178,153
178|,83|,24
178|,368|,12
178|,216|,29
178|,156|,23
178|,180|,111
178|,211|,34
178|,190|,15
178|,212|,37
178|,366|,16
178|,196|,82
178|,159|,10
178|,222|,14
178|,157|,36
178|,162|,13
178|,163|178,110
178|,181|,21
178|,363|,10
178|,342|,13
178|,155|,17
178|,341|,19
178|,153|,26
178|,192|,49
178|,217|,27
178|,191|178,95
178|,213|,17
178|,164|,11
178|,215|178,156
210|341,342|,19
210|341,21|,17
234|210,84|234,14
22|,339|,273
22|,299|,13
22|,199|,20
22|,364|,48
22|,212|,647
22|,83|,107
22|,191|22,57
22|,218|,105
22|,26|,12
22|,208|,305
22|,181|,21
22|,365|,634
22|,158|,23
22|,221|,98
22|,156|,21
22|,223|,37
22|,210|,1357
22|,233|,15
22|,200|,10
22|,342|,3174
22|,278|,38
22|,153|,17
22|,206|,10
22|,340|,702
22|,214|,127
22|,204|,178
22|,216|,261
22|,21|,1187
22|,367|,114
22|,23|,1478
22|,369|,31
22|,25|,32
22|,219|,44
22|,368|,1600
22|,375|,12
22|,163|,14
22|,209|,955
22|,16|,48
22|,180|,19
22|,190|,22
22|,220|,1392
22|,366|,1103
22|,192|,31
22|,222|,267
22|,19|22,66
22|,211|,835
22|,234|,33
22|,157|,19
22|,203|,280
22|,224|,15
22|,160|,26
22|,213|,83
22|,217|,1550
22|,201|,21
22|,341|,190
22|,215|,210
22|,196|22,96
22|,207|,205
22|,162|,13
22|,143|,16
22|,363|,793
22|,205|,420
22|,84|,60
22|,164|,21
22|,202|,55
22|,20|,612
22|,178|,15
215|208,216|,10
369|365,363|,12
197|219,199|,17
83|,366|83,152
83|,238|,18
83|,212|,67
83|,156|83,18
83|,218|,97
83|,61|,10
83|,208|,96
83|,181|,28
83|,49|,10
83|,164|83,45
83|,199|,16
83|,364|83,51
83|,221|,39
83|,197|,18
83|,162|,24
83|,203|83,94
83|,200|,27
83|,182|83,30
83|,152|,17
83|,214|,22
83|,358|,25
83|,225|83,18
83|,229|,30
83|,313|,14
83|,204|83,106
83|,234|83,218
83|,367|,15
83|,40|,71
83|,23|,76
83|,217|83,106
83|,209|83,201
83|,273|,13
83|,368|,51
83|,216|,47
83|,211|,70
83|,190|83,36
83|,253|,10
83|,262|,24
83|,145|,10
83|,210|83,218
83|,213|,41
83|,232|,28
83|,224|,35
83|,201|,17
83|,19|,27
83|,191|83,57
83|,375|,22
83|,370|,13
83|,205|,155
83|,168|,13
83|,233|83,54
83|,355|,11
83|,365|83,190
83|,26|,37
83|,256|,10
83|,180|83,48
83|,153|83,50
83|,276|,12
83|,148|,14
83|,252|,29
83|,158|83,44
83|,202|,29
83|,149|83,24
83|,157|83,19
83|,363|,287
83|,342|,272
83|,25|83,63
83|,160|,25
83|,231|,22
83|,206|,16
83|,27|83,17
83|,369|83,70
83|,178|83,27
83|,150|,10
83|,339|,136
83|,21|,440
83|,37|,15
83|,20|83,243
83|,163|83,32
83|,239|,11
83|,288|,23
83|,219|,41
83|,278|83,85
83|,226|83,35
83|,29|,11
83|,16|,46
83|,222|83,101
83|,251|,13
83|,22|83,71
83|,220|,87
83|,261|,10
83|,196|,30
83|,159|,30
83|,257|,21
83|,186|,10
83|,241|,65
83|,373|,11
83|,341|,49
83|,340|83,129
83|,215|,32
83|,230|,16
83|,207|,114
83|,192|,26
83|,281|,28
83|,143|,19
83|,266|,15
83|,151|,15
83|,381|,12
83|,223|83,66
83|,84|83,166
220|214,366|,12
20|214,21|,24
20|214,209|,10
20|214,210|20,10
256|,83|,10
340|369,212|340,11
340|369,211|,10
340|218,212|340,11
205|23,23|,18
205|23,220|,12
205|23,203|,39
205|23,210|,12
205|23,21|205,14
205|23,342|,12
205|23,339|,35
205|23,212|,16
205|23,365|,17
205|23,340|,10
205|23,208|,11
205|23,217|,13
205|23,366|,13
205|23,363|205.23,73
205|23,20|,23
205|23,204|,48
341|366,222|,10
341|366,221|,10
276|,83|,15
191|,83|,47
191|,22|,25
191|,364|,30
191|,372|,10
191|,212|,181
191|,369|,38
191|,218|,11
191|,208|,11
191|,181|,59
191|,183|,10
191|,152|,20
191|,158|,39
191|,220|191,75
191|,156|,163
191|,223|,31
191|,210|,29
191|,233|,18
191|,363|,63
191|,342|,51
191|,160|,39
191|,365|,38
191|,340|,581
191|,214|,17
191|,204|,23
191|,339|,19
191|,217|191,88
191|,21|,31
191|,23|,59
191|,215|191,96
191|,371|,12
191|,159|,43
191|,25|,527
191|,27|,20
191|,368|,36
191|,153|191,87
191|,216|,30
191|,163|,46
191|,209|,32
191|,180|,34
191|,149|,32
191|,375|,23
191|,190|,234
191|,157|191,81
191|,182|,11
191|,366|,40
191|,236|,10
191|,196|,41
191|,192|,356
191|,222|,37
191|,211|191,83
191|,234|,14
191|,162|,38
191|,224|,11
191|,213|,140
191|,155|,77
191|,341|,24
191|,45|,23
191|,207|,16
191|,29|,11
191|,143|,218
191|,205|,27
191|,84|,33
191|,164|,58
191|,278|,24
191|,202|,10
191|,20|,31
191|,178|,110
196|21,340|,14
196|21,341|,11
196|21,215|,11
203|342.21,342|,11
158|83,83|,15
187|,181|,12
187|,340|,19
187|,215|,18
187|,83|,12
187|,196|,18
342|367,21|,13
342|367,209|,20
342|367,20|,10
149|83,83|,18
157|83,83|,10
371|,340|,12
371|,222|,82
371|,211|,13
371|,158|,17
371|,216|,11
371|,212|,10
371|,341|,28
371|,375|,15
371|,196|,13
205|234,363|,12
140|,340|,26
140|,159|,10
140|,215|,22
140|,196|,10
369|210,363|,19
367|,23|,206
367|,22|,105
367|,220|,356
367|,365|367,60
367|,21|367,60
367|,83|,25
367|,211|367,96
367|,368|,87
367|,208|,28
367|,363|367,83
367|,209|,69
367|,366|,166
367|,221|,10
367|,196|,23
367|,222|,35
367|,342|367,154
367|,203|,11
367|,213|,54
367|,212|,457
367|,341|,20
367|,215|,27
367|,340|,159
367|,205|,37
367|,204|,24
367|,339|,18
367|,210|367,84
367|,216|,13
367|,20|,35
367|,217|,111
234|207,84|234,11
365|84,363|,13
365|84,342|,17
365|84,210|,15
180|217,215|,11
202|365,339|,25
223|363,363|,20
223|363,278|223,11
220|341,366|,12
220|341,23|,10
234|209,84|234,13
191|217,340|,22
191|217,25|,14
215|214,340|,10
221|212,222|,16
221|212,214|,14
23|211,22|,128
23|211,220|,139
23|211,216|,47
23|211,218|,11
23|211,208|,29
23|211,209|,69
23|211,368|,162
23|211,205|23,37
23|211,207|,17
23|211,365|,46
23|211,366|23.211,94
23|211,221|,13
23|211,196|,20
23|211,222|,31
23|211,211|,149
23|211,203|,22
23|211,210|,91
23|211,363|,82
23|211,342|,199
23|211,367|,14
23|211,212|,142
23|211,341|,26
23|211,215|,33
23|211,340|,112
23|211,214|,17
23|211,204|,20
23|211,213|,12
23|211,339|,20
23|211,21|,90
23|211,20|,42
23|211,217|,198
84|234,342|84,11
84|234,210|,10
84|234,365|84,14
84|234,21|,29
84|234,20|,15
181|162,180|181,11
339|,299|,14
339|,22|,350
339|,341|339,51
339|,212|,252
339|,369|,34
339|,221|,26
339|,216|339,63
339|,218|,597
339|,26|,15
339|,208|,533
339|,181|,10
339|,17|,36
339|,199|,53
339|,365|,507
339|,191|,12
339|,113|,13
339|,115|,16
339|,197|,43
339|,202|,881
339|,223|,29
339|,210|,483
339|,233|,40
339|,200|,62
339|,342|,798
339|,278|,37
339|,364|,22
339|,206|,51
339|,340|,292
339|,214|,43
339|,204|,1767
339|,363|,1621
339|,21|,791
339|,367|,33
339|,23|,278
339|,83|,118
339|,25|,17
339|,234|339,78
339|,219|,191
339|,368|,234
339|,366|,298
339|,209|,371
339|,16|,451
339|,220|,221
339|,196|,44
339|,84|,74
339|,222|,65
339|,211|,203
339|,203|,2674
339|,224|,13
339|,160|,12
339|,213|,57
339|,201|,85
339|,19|,412
339|,215|,53
339|,207|,716
339|,217|,357
339|,370|,11
339|,205|,1884
339|,20|,793
278|83,83|,12
278|233,363|,21
278|233,233|278,11
369|233,363|,20
381|,83|,11
62|,340|,14
22|83,342|,13
220|,339|,226
220|,299|,16
220|,22|,1321
220|,160|,15
220|,83|,100
220|,218|,86
220|,26|,16
220|,208|,212
220|,181|,21
220|,199|,20
220|,365|,857
220|,191|,41
220|,158|,16
220|,221|,50
220|,197|,16
220|,156|,11
220|,223|,33
220|,162|,22
220|,233|,22
220|,266|,10
220|,342|,1606
220|,212|,1543
220|,364|,35
220|,206|,25
220|,340|,1254
220|,214|,84
220|,367|,302
220|,216|,202
220|,21|,619
220|,225|,11
220|,204|,235
220|,23|,1611
220|,369|,40
220|,159|,14
220|,25|,22
220|,219|,39
220|,153|,20
220|,368|,876
220|,375|,12
220|,211|,618
220|,209|,567
220|,16|,38
220|,180|,17
220|,196|220,116
220|,190|,16
220|,84|,74
220|,222|,192
220|,163|,11
220|,234|,37
220|,210|,874
220|,203|,205
220|,224|,20
220|,213|,119
220|,217|,956
220|,201|,18
220|,341|,131
220|,19|,33
220|,215|,191
220|,205|,445
220|,207|,98
220|,192|,18
220|,143|,12
220|,363|,888
220|,366|,2012
220|,164|,19
220|,278|,44
220|,202|,74
220|,20|,317
220|,178|,11
222|213,340|,10
222|213,217|,18
222|213,341|,11
211|,339|,174
211|,299|,21
211|,22|,745
211|,212|,991
211|,83|,89
211|,218|,122
211|,208|,296
211|,181|,53
211|,183|,12
211|,19|211,50
211|,207|,161
211|,148|,11
211|,206|,10
211|,158|,57
211|,221|,301
211|,23|211,2272
211|,197|,32
211|,156|,48
211|,223|,42
211|,187|,10
211|,162|,30
211|,363|,452
211|,342|,1565
211|,278|,41
211|,364|,27
211|,365|,333
211|,340|,1651
211|,214|,408
211|,367|,92
211|,142|,11
211|,21|,861
211|,216|,1191
211|,225|,20
211|,204|,177
211|,199|,38
211|,369|,31
211|,159|,46
211|,25|,83
211|,191|211,94
211|,219|,63
211|,113|,10
211|,27|,18
211|,368|,1283
211|,180|211,54
211|,375|,26
211|,372|,11
211|,209|,772
211|,16|,36
211|,149|,22
211|,190|,60
211|,201|,28
211|,220|,641
211|,182|,22
211|,366|,442
211|,236|,18
211|,196|,228
211|,84|,36
211|,222|,533
211|,210|,704
211|,163|,40
211|,234|,34
211|,203|,200
211|,157|,41
211|,224|,22
211|,160|,24
211|,213|,186
211|,217|,3339
211|,155|,34
211|,341|,570
211|,215|,437
211|,205|,298
211|,153|,58
211|,192|,73
211|,152|,28
211|,143|,32
211|,200|,28
211|,151|,11
211|,164|,51
211|,202|,54
211|,20|,516
211|,178|,63
234|,207|234,43
234|,199|,11
234|,212|,33
234|,369|,34
234|,218|,33
234|,341|,17
234|,26|,29
234|,208|,46
234|,181|,11
234|,365|234,119
234|,209|234,60
234|,278|234,63
234|,22|,38
234|,191|,21
234|,158|,12
234|,221|,13
234|,197|,12
234|,202|,20
234|,223|234,74
234|,233|,25
234|,266|,11
234|,364|,13
234|,206|,10
234|,340|,54
234|,205|234,102
234|,358|,37
234|,204|,76
234|,339|,83
234|,21|,166
234|,216|,21
234|,23|,34
234|,25|,15
234|,84|234,271
234|,219|,19
234|,153|,14
234|,368|,22
234|,164|,15
234|,83|234,96
234|,16|,29
234|,190|,11
234|,220|,39
234|,366|,49
234|,342|234,90
234|,222|,40
234|,211|,33
234|,203|,49
234|,224|,25
234|,210|234,84
234|,213|,18
234|,232|,17
234|,201|,11
234|,226|,12
234|,19|,16
234|,215|,18
234|,217|,32
234|,363|,176
234|,225|,23
234|,20|,103
234|,178|,11
216|180,211|,12
158|340,340|158,13
233|,23|,36
233|,223|,62
233|,220|,24
233|,25|,27
233|,212|,35
233|,83|,27
233|,218|,12
233|,369|233,84
233|,26|,23
233|,208|,10
233|,211|,18
233|,209|,28
233|,368|,15
233|,266|,11
233|,205|233,82
233|,365|,71
233|,191|,13
233|,366|,40
233|,217|,27
233|,84|,22
233|,202|,17
233|,234|,27
233|,203|,26
233|,210|,48
233|,224|,26
233|,278|233,105
233|,363|,304
233|,342|,45
233|,22|,28
233|,206|,34
233|,340|,20
233|,364|,70
233|,204|,50
233|,370|,23
233|,339|,32
233|,21|,52
233|,225|,14
233|,20|,38
233|,143|,18
45|,340|,32
45|,156|,25
45|,192|,19
45|,191|,22
45|,190|,47
207|,299|,20
207|,199|,155
207|,23|,190
207|,278|,20
207|,369|,18
207|,221|,32
207|,218|,2150
207|,26|,13
207|,208|,4259
207|,203|207,803
207|,17|,11
207|,22|,238
207|,201|207,71
207|,365|,185
207|,191|,10
207|,113|,43
207|,212|207,150
207|,197|,125
207|,156|,10
207|,223|,27
207|,210|,343
207|,233|,15
207|,200|,137
207|,342|,682
207|,216|207,72
207|,206|,29
207|,340|,173
207|,214|,56
207|,204|,348
207|,234|207,86
207|,164|,20
207|,21|,780
207|,367|,19
207|,198|,21
207|,83|,113
207|,25|,13
207|,219|,677
207|,368|,206
207|,14|,17
207|,220|207,131
207|,339|,668
207|,202|,159
207|,209|,1089
207|,16|,212
207|,366|,142
207|,196|,32
207|,84|,69
207|,222|,50
207|,211|,184
207|,360|,11
207|,160|,10
207|,213|,21
207|,341|,45
207|,19|,778
207|,215|,32
207|,364|,15
207|,192|,12
207|,217|,524
207|,363|,604
207|,205|,476
207|,20|,1860
363|368.342,339|,11
196|158,340|,10
196|158,212|,13
83|20,20|83,12
83|20,84|83,10
83|20,363|,12
83|20,234|83,16
83|20,21|,14
365|369,366|,11
365|369,220|,11
215|153,340|,16
215|153,222|,10
202|17,339|,25
191|215,340|,16
191|215,192|,11
83|363,210|83,10
83|363,363|,13
83|363,21|,11
160|181,159|160,10
369|,21|369,82
369|,22|,32
369|,278|,82
369|,83|,48
369|,218|,17
369|,61|,10
369|,208|,22
369|,191|,17
369|,202|,12
369|,233|,91
369|,363|,296
369|,342|,71
369|,212|,52
369|,207|,13
369|,204|,40
369|,339|,27
369|,23|,37
369|,25|,28
369|,368|,27
369|,209|,39
369|,205|369,87
369|,190|,10
369|,220|,43
369|,84|,41
369|,211|,28
369|,234|,31
369|,203|,32
369|,224|,50
369|,210|369,66
369|,213|,14
369|,226|,22
369|,340|369,92
369|,215|,14
369|,364|,23
369|,217|,38
369|,370|,26
369|,366|,55
369|,223|369,76
369|,225|,33
369|,20|,50
369|,365|369,109
218|,299|,13
218|,210|218,131
218|,278|,13
218|,369|,12
218|,208|,1357
218|,22|218,120
218|,340|218,82
218|,17|,14
218|,199|,212
218|,206|,11
218|,113|,51
218|,23|218,79
218|,197|,114
218|,202|,271
218|,223|,16
218|,200|,219
218|,342|,317
218|,212|,64
218|,214|,20
218|,221|,19
218|,339|,635
218|,21|,371
218|,204|,164
218|,198|,19
218|,83|,85
218|,219|,949
218|,211|218,88
218|,368|,89
218|,14|,17
218|,216|,28
218|,209|,510
218|,16|,345
218|,365|218,95
218|,220|,54
218|,366|,79
218|,196|,12
218|,84|,46
218|,222|,26
218|,234|,40
218|,203|,377
218|,213|,12
218|,201|,147
218|,341|,21
218|,19|,510
218|,215|,21
218|,207|,3029
218|,217|,260
218|,363|,248
218|,205|,228
218|,20|,790
369|224,365|369,10
369|224,233|,11
369|224,205|369,11
191|216,340|,12
164|342,181|164,11
250|,340|,11
250|,83|,14
22|213,342|,13
113|,197|,21
113|,202|,15
113|,199|,117
113|,203|,12
113|,363|,11
113|,16|,22
113|,219|,61
113|,201|,20
113|,218|,46
113|,208|,13
113|,207|,37
113|,209|,35
113|,217|,14
113|,200|,40
113|,339|,12
113|,21|,14
113|,342|,12
113|,20|,22
113|,204|,11
340|162,212|340,13
197|,23|,11
197|,83|,13
197|,199|,245
197|,212|,10
197|,219|,165
197|,218|,93
197|,14|,13
197|,208|,62
197|,209|,144
197|,16|,20
197|,22|,14
197|,113|,77
197|,20|197,87
197|,202|,27
197|,203|,20
197|,200|,138
197|,342|,39
197|,201|,14
197|,365|,12
197|,340|,13
197|,205|,14
197|,207|,133
197|,368|,10
197|,217|,61
197|,363|,27
197|,339|,18
197|,21|,33
197|,204|,16
215|25,23|,12
375|217,341|375,10
162|,164|162,121
162|,23|,12
162|,160|162,182
162|,215|,54
162|,340|162,73
162|,212|,19
162|,181|162,129
162|,83|,15
162|,142|,10
162|,211|,16
162|,209|,16
162|,180|,27
162|,190|,23
162|,220|,11
162|,191|,33
162|,158|,21
162|,221|,10
162|,196|,35
162|,159|,54
162|,222|,21
162|,163|,16
162|,157|,12
162|,210|,11
162|,213|,10
162|,342|,11
162|,25|,24
162|,341|,21
162|,152|,10
162|,153|,18
162|,192|,16
162|,217|,25
162|,363|,18
162|,21|,11
162|,216|,14
162|,375|,13
162|,178|,14
21|214,20|,21
152|,159|,27
152|,23|,11
152|,163|,10
152|,162|,64
152|,83|,14
152|,160|,31
152|,341|,11
152|,215|,34
152|,340|,35
152|,153|,12
152|,181|,38
152|,180|,12
152|,211|,11
152|,164|,84
152|,196|,33
173|,83|,12
341|375,217|,11
358|,84|,51
358|,223|,23
358|,203|,10
358|,233|,12
358|,266|,20
358|,278|,21
358|,365|,15
358|,340|,15
358|,339|,11
358|,363|,24
358|,205|,12
358|,234|,30
358|,21|,18
358|,20|,13
225|83,83|,10
229|,340|,33
229|,84|,21
229|,234|,18
229|,238|,12
229|,363|,17
229|,83|,30
142|,340|,28
142|,159|,12
142|,162|,44
142|,164|,20
142|,215|,21
142|,160|,27
142|,341|,10
142|,196|,14
204|83,205|,22
204|83,363|,10
234|83,365|234,11
234|83,83|234,26
234|83,21|,17
234|83,20|,18
234|84,208|,10
234|84,365|234,14
234|84,21|,25
234|84,342|234,12
342|213,209|,10
215|163,342|,11
215|163,217|,16
340|178,366|,11
340|178,212|340,13
273|,83|,17
84|210,234|84,12
169|,83|,11
190|212,340|,17
342|84,21|,15
342|84,210|,15
366|84,342|,11
366|84,210|,18
180|,22|,23
180|,160|,17
180|,83|,37
180|,181|,76
180|,193|,13
180|,152|,10
180|,191|,34
180|,158|,58
180|,221|,11
180|,162|,31
180|,340|180,147
180|,363|,12
180|,342|,33
180|,212|,34
180|,214|,15
180|,365|,16
180|,84|,12
180|,21|,22
180|,23|,40
180|,25|,37
180|,368|,22
180|,375|,21
180|,211|,80
180|,209|,22
180|,190|,20
180|,220|,17
180|,196|,132
180|,159|,27
180|,222|,54
180|,163|,23
180|,210|,28
180|,157|,16
180|,216|180,64
180|,213|,12
180|,341|,70
180|,215|,165
180|,205|,11
180|,153|,11
180|,192|,18
180|,217|,65
180|,366|,20
180|,164|,17
180|,20|,12
180|,178|,44
84|342,234|84,16
21|369,20|,12
342|234,21|,12
342|234,22|,11
222|,220|222,173
222|,299|,26
222|,199|,11
222|,216|222,647
222|,163|,14
222|,212|,321
222|,369|,12
222|,218|,23
222|,181|,38
222|,208|222,79
222|,22|,196
222|,206|,11
222|,191|,35
222|,158|,38
222|,221|,712
222|,197|,12
222|,202|,23
222|,223|,18
222|,210|,223
222|,200|,10
222|,342|,492
222|,160|,37
222|,207|,54
222|,340|,667
222|,214|,340
222|,204|,72
222|,142|,10
222|,21|,409
222|,367|,47
222|,23|,309
222|,371|,20
222|,159|,19
222|,25|,25
222|,219|,17
222|,368|,236
222|,339|,53
222|,192|,31
222|,209|,349
222|,16|,14
222|,180|,29
222|,149|,11
222|,375|,20
222|,190|,22
222|,182|,10
222|,366|,172
222|,83|,93
222|,196|,460
222|,84|,37
222|,203|222,52
222|,211|,652
222|,234|,38
222|,157|,12
222|,213|,118
222|,201|,10
222|,341|,998
222|,215|,315
222|,153|,17
222|,162|,17
222|,217|,984
222|,363|,194
222|,205|,83
222|,164|,26
222|,278|,13
222|,20|,206
222|,365|222,118
145|,340|,10
145|,83|,14
221|210,222|,36
221|210,341|,10
221|210,217|,15
222|205,341|,14
222|205,217|,13
210|83,83|210,25
210|83,209|,15
210|83,363|,12
210|83,342|,18
210|83,21|,30
210|83,365|,13
213|,83|,21
213|,218|,12
213|,208|,31
213|,181|,11
213|,220|213,149
213|,191|,56
213|,221|,25
213|,366|213,88
213|,156|,13
213|,210|,40
213|,233|,10
213|,22|213,67
213|,212|,642
213|,153|,19
213|,365|,48
213|,340|,1115
213|,367|,44
213|,216|,60
213|,21|,50
213|,204|,35
213|,23|,209
213|,342|213,86
213|,25|,30
213|,339|,34
213|,368|,64
213|,192|,29
213|,209|,58
213|,16|,11
213|,180|,11
213|,190|,19
213|,196|,190
213|,84|,14
213|,222|213,132
213|,162|,10
213|,203|,18
213|,143|,15
213|,341|,37
213|,215|,65
213|,211|213,150
213|,207|,13
213|,217|,157
213|,363|213,69
213|,205|,52
213|,202|,10
213|,20|,30
232|,340|,16
232|,363|,19
232|,84|,28
232|,83|,30
232|,234|,39
205|364,203|,10
88|,159|,12
88|,160|,15
212|25,340|,10
212|25,23|,14
366|196,212|,13
366|196,365|,15
222|158,217|,10
163|153,191|163,13
25|83,83|,25
205|,299|,11
205|,199|,31
205|,364|,31
205|,212|,470
205|,369|,44
205|,218|,271
205|,26|,14
205|,208|,705
205|,181|,15
205|,341|205,75
205|,17|,22
205|,22|,486
205|,365|,1075
205|,191|,26
205|,158|,17
205|,221|,44
205|,197|,42
205|,202|,318
205|,223|,45
205|,210|,758
205|,233|,52
205|,200|,25
205|,225|,10
205|,278|,53
205|,207|,475
205|,206|,184
205|,340|,432
205|,214|,77
205|,204|,2158
205|,363|,3555
205|,217|,503
205|,196|205,61
205|,23|,486
205|,83|,124
205|,25|,22
205|,219|,94
205|,21|205,1010
205|,216|205,120
205|,368|,318
205|,339|,1900
205|,192|,16
205|,209|,470
205|,16|,163
205|,180|,14
205|,84|,93
205|,113|,10
205|,220|,470
205|,159|,12
205|,211|,331
205|,234|,65
205|,222|205,109
205|,203|,2705
205|,224|,28
205|,213|,70
205|,201|,32
205|,19|,182
205|,215|,72
205|,367|,51
205|,153|,10
205|,143|,17
205|,266|,13
205|,366|,593
205|,164|,12
205|,342|,1086
205|,20|,1155
83|84,84|83,12
20|341,363|,11
20|341,21|,36
20|341,208|,10
233|83,83|,11
365|83,21|,19
365|83,210|,18
365|83,83|365,15
365|83,363|,27
365|83,342|,13
196|366,340|,15
196|366,222|,13
22|218,366|,10
22|218,342|,17
159|160,181|159,13
159|160,158|,16
278|84,233|278,10
215|191,216|,16
215|191,340|,12
215|191,217|,10
26|,23|,18
26|,212|,10
26|,83|,11
26|,368|,14
26|,339|,14
26|,209|,11
26|,223|,81
26|,220|,10
26|,366|,16
26|,84|,29
26|,234|,20
26|,210|,19
26|,203|,12
26|,233|,50
26|,363|,100
26|,342|,24
26|,278|,94
26|,365|,45
26|,340|,29
26|,204|,15
26|,266|,13
26|,205|,43
26|,21|,18
26|,20|,18
217|299,342|,12
278|21,363|,15
233|278,363|,25
233|278,205|233,11
233|278,365|,10
21|16,342|21,11
21|16,209|,13
84|20,363|,16
84|20,21|,11
84|20,234|84,21
210|214,21|,10
203|207,23|,13
203|207,22|,21
203|207,210|,28
203|207,208|,18
203|207,363|,72
203|207,342|,35
203|207,204|203.207,60
203|207,212|,12
203|207,19|,21
203|207,218|,12
203|207,365|,20
203|207,207|,43
203|207,209|,15
203|207,339|203,118
203|207,205|,103
203|207,21|,38
203|207,366|,11
203|207,20|,56
203|207,217|,10
205|233,363|,14
252|,340|,10
252|,83|,30
202|,199|,38
202|,278|,12
202|,369|,23
202|,218|,251
202|,208|,110
202|,17|,46
202|,22|,88
202|,206|,10
202|,221|,12
202|,115|,19
202|,113|,13
202|,223|,11
202|,210|,108
202|,233|,23
202|,200|,32
202|,212|,79
202|,365|,161
202|,340|,87
202|,214|,10
202|,204|,429
202|,339|,1353
202|,21|,206
202|,342|202,153
202|,216|,15
202|,367|,12
202|,23|,88
202|,83|,26
202|,219|,77
202|,197|,16
202|,366|,68
202|,209|,114
202|,16|,384
202|,368|202,59
202|,220|,69
202|,196|,10
202|,84|,20
202|,222|,11
202|,211|,58
202|,234|,19
202|,203|,459
202|,213|,30
202|,201|,65
202|,341|,11
202|,19|,77
202|,215|,15
202|,207|,138
202|,217|,75
202|,363|,377
202|,205|,355
202|,20|,181
153|164,163|153,14
83|342,20|83,14
83|342,210|83,11
83|342,363|,22
83|342,342|,15
83|342,21|,13
83|342,234|83,12
211|213,217|,22
211|213,368|,11
211|213,23|211,15
195|,340|,15
195|,215|,11
160|,22|,14
160|,159|160,170
160|,211|160,65
160|,83|,12
160|,181|160,127
160|,191|,33
160|,158|,81
160|,156|,11
160|,210|,13
160|,363|,14
160|,342|,34
160|,212|,35
160|,152|,13
160|,340|,64
160|,216|,31
160|,21|,20
160|,217|,49
160|,23|,41
160|,25|,32
160|,368|,27
160|,205|,10
160|,209|,31
160|,180|,99
160|,375|,22
160|,190|,14
160|,220|,21
160|,196|,53
160|,84|,16
160|,222|,28
160|,163|,30
160|,162|,49
160|,161|,15
160|,341|,43
160|,215|,72
160|,153|,25
160|,192|,19
160|,143|,13
160|,213|,12
160|,366|,17
160|,164|,52
160|,20|,13
160|,178|,33
191|342,340|,12
84|21,234|84,36
84|21,83|84,20
84|21,363|,12
84|21,21|,19
180|340,340|180,14
216|339,211|,15
280|,83|,10
22|221,342|,16
150|,83|,10
215|158,340|,13
375|,23|,18
375|,22|,10
375|,25|,13
375|,160|,10
375|,83|,16
375|,153|,11
375|,341|375,82
375|,192|,11
375|,180|,19
375|,212|,21
375|,190|,11
375|,220|,17
375|,191|,17
375|,158|,41
375|,221|,10
375|,196|,35
375|,159|,11
375|,222|,55
375|,211|,27
375|,363|,11
375|,342|,13
375|,371|,22
375|,215|,49
375|,340|,54
375|,214|,13
375|,217|,38
375|,216|,25
375|,21|,12
21|,238|,16
21|,160|,17
21|,218|,443
21|,208|,1619
21|,181|,29
21|,22|,1186
21|,221|,240
21|,197|,70
21|,156|,13
21|,233|,71
21|,200|,53
21|,225|,26
21|,89|,10
21|,365|,1522
21|,340|,466
21|,214|,146
21|,358|,17
21|,204|,458
21|,229|,16
21|,142|,11
21|,367|,57
21|,198|,17
21|,342|21,4670
21|,137|,16
21|,234|21,165
21|,27|,11
21|,368|,924
21|,14|,16
21|,216|,394
21|,163|,18
21|,209|,3383
21|,180|,33
21|,149|,13
21|,190|,18
21|,222|,412
21|,83|21,408
21|,157|,14
21|,360|,13
21|,213|,76
21|,232|,10
21|,201|,59
21|,226|,19
21|,19|,427
21|,369|21,104
21|,364|,63
21|,217|,1454
21|,370|,19
21|,205|,1065
21|,178|,28
21|,299|,60
21|,199|,108
21|,23|,824
21|,223|21,97
21|,26|,42
21|,278|21,82
21|,191|,35
21|,158|,32
21|,196|21,107
21|,202|,168
21|,266|,21
21|,212|,476
21|,153|,22
21|,84|21,218
21|,206|,43
21|,115|,12
21|,113|,28
21|,339|,744
21|,25|,30
21|,219|,174
21|,192|,30
21|,16|,140
21|,210|21,3304
21|,220|,514
21|,159|,14
21|,211|,808
21|,162|,18
21|,203|,1206
21|,224|,39
21|,241|,19
21|,341|,196
21|,215|,223
21|,207|,860
21|,281|,16
21|,143|,27
21|,363|,2716
21|,366|,886
21|,164|,19
21|,20|,4950
215|363,216|,21
215|363,363|,12
215|363,211|,17
215|363,340|,10
221|363,209|,10
221|363,341|,12
221|363,217|,14
22|196,342|,14
234|339,339|,10
234|339,84|234,10
212|192,23|,11
208|222,20|,24
216|205,211|,15
216|205,215|,13
180|211,215|,11
151|,340|,26
151|,222|,10
151|,162|,17
151|,164|,14
151|,83|,16
151|,160|,17
151|,196|,17
151|,215|,25
192|,22|,18
192|,160|,12
192|,83|,26
192|,181|,18
192|,191|,487
192|,158|,14
192|,156|,44
192|,223|,11
192|,210|,13
192|,363|,21
192|,342|,35
192|,364|,10
192|,340|,523
192|,84|,16
192|,204|,17
192|,216|,26
192|,21|,19
192|,217|,51
192|,23|,46
192|,25|,130
192|,212|192,124
192|,368|,16
192|,366|,28
192|,211|,59
192|,209|,20
192|,190|,98
192|,220|,38
192|,196|,38
192|,159|,13
192|,222|,23
192|,163|,21
192|,162|,10
192|,157|,33
192|,215|192,70
192|,213|,133
192|,155|,32
192|,341|,21
192|,45|,10
192|,153|,24
192|,143|,44
192|,205|,14
192|,164|,18
192|,20|,12
192|,178|,43
215|210,216|,12
215|210,211|,10
215|210,341|,10
204|219,339|,12
204|219,203|,14
210|21,23|,102
210|21,22|,218
210|21,220|,86
210|21,218|,26
210|21,341|,16
210|21,208|,72
210|21,209|,196
210|21,368|,92
210|21,83|210,19
210|21,365|,158
210|21,366|,152
210|21,222|,28
210|21,211|210.21,80
210|21,202|,13
210|21,221|210,19
210|21,203|,87
210|21,364|210,15
210|21,213|,10
210|21,342|,486
210|21,212|,47
210|21,207|,34
210|21,19|,17
210|21,340|,71
210|21,205|,65
210|21,214|,20
210|21,215|210,17
210|21,217|,119
210|21,363|,153
210|21,339|,35
210|21,196|210,10
210|21,21|,390
210|21,216|,36
210|21,20|,165
210|21,204|,28
157|191,191|157,16
182|,163|,17
182|,160|,14
182|,83|,28
182|,212|,10
182|,215|,35
182|,340|,61
182|,164|,20
182|,153|,26
182|,181|,13
182|,180|,16
182|,216|,10
182|,191|,10
182|,196|,18
223|234,234|,12
159|,23|,22
159|,220|,13
159|,25|,32
159|,212|,33
159|,83|,28
159|,340|159,74
159|,368|,19
159|,208|,10
159|,211|,40
159|,209|,20
159|,164|159,45
159|,180|,49
159|,366|,20
159|,190|,15
159|,215|,58
159|,191|,29
159|,158|,111
159|,221|,11
159|,196|,43
159|,84|,11
159|,222|,35
159|,163|,28
159|,234|,10
159|,210|,12
159|,162|,32
159|,157|,11
159|,363|,15
159|,342|,22
159|,372|,10
159|,160|,75
159|,341|,51
159|,152|,19
159|,153|,33
159|,192|,13
159|,217|,48
159|,21|,14
159|,181|159,126
159|,216|,25
159|,375|,29
159|,178|,17
211|210.21,210|,10
372|,340|,25
372|,222|,18
372|,211|,11
372|,375|,29
372|,215|,25
372|,341|,15
372|,196|,20
196|22,340|,20
196|22,212|,11
83|204,363|,10
224|,23|,15
224|,22|,17
224|,25|,11
224|,278|,32
224|,83|,21
224|,368|,11
224|,369|224,120
224|,339|,19
224|,209|,12
224|,223|,31
224|,220|,16
224|,191|,21
224|,366|,29
224|,213|,13
224|,84|,54
224|,234|,40
224|,203|,19
224|,210|,20
224|,233|,35
224|,342|,21
224|,212|,22
224|,226|,33
224|,365|,39
224|,340|,84
224|,363|224,113
224|,204|,15
224|,370|,13
224|,205|,43
224|,21|,27
224|,225|,17
224|,20|,10
224|,217|,11
191|158,340|,11
163|340,215|163,11
20|199,21|,12
341|,210|341,129
341|,199|,14
341|,364|,10
341|,160|,45
341|,83|,46
341|,218|,23
341|,208|,76
341|,181|,29
341|,365|341,84
341|,22|,147
341|,212|,198
341|,191|,40
341|,158|,38
341|,221|,405
341|,222|,883
341|,220|341,94
341|,156|,11
341|,162|,21
341|,233|,11
341|,363|,136
341|,342|,369
341|,371|,13
341|,207|,42
341|,340|,403
341|,214|,496
341|,204|,39
341|,339|,52
341|,21|,216
341|,216|,765
341|,367|,20
341|,23|,319
341|,159|,17
341|,25|,22
341|,219|,11
341|,368|,267
341|,164|,22
341|,163|,19
341|,209|,237
341|,180|,21
341|,375|,25
341|,190|,19
341|,366|,87
341|,84|,28
341|,152|,13
341|,211|,807
341|,234|,15
341|,157|,14
341|,203|,60
341|,143|,12
341|,213|,66
341|,19|,17
341|,215|,273
341|,153|,23
341|,192|,20
341|,217|,1001
341|,196|341,181
341|,205|,81
341|,20|341,140
341|,202|,17
341|,178|,15
340|83,212|340,14
340|83,342|,11
340|83,211|,14
215|,199|,15
215|,191|215,110
215|,212|,412
215|,369|,15
215|,218|,43
215|,208|,85
215|,181|,25
215|,221|215,69
215|,22|215,174
215|,158|,26
215|,197|,10
215|,202|,20
215|,223|,12
215|,210|,203
215|,363|,170
215|,342|,409
215|,160|,22
215|,364|,10
215|,152|,13
215|,340|,978
215|,156|,29
215|,214|,119
215|,204|,54
215|,339|,58
215|,21|,283
215|,217|,715
215|,23|,525
215|,366|215,169
215|,83|,37
215|,159|,13
215|,25|,80
215|,219|,31
215|,153|,35
215|,368|,254
215|,216|,810
215|,163|,38
215|,209|,238
215|,16|,16
215|,180|,21
215|,149|,12
215|,375|,24
215|,190|,53
215|,220|,273
215|,182|,10
215|,196|,316
215|,192|,79
215|,222|,323
215|,211|,812
215|,234|,11
215|,157|,27
215|,203|,64
215|,213|,72
215|,365|215,149
215|,155|,14
215|,341|,302
215|,19|,12
215|,367|,37
215|,207|,56
215|,162|,18
215|,143|,33
215|,205|,87
215|,84|,17
215|,164|,26
215|,278|,11
215|,20|,159
215|,178|,35
230|,340|,14
230|,83|,20
23|211.212,212|,13
191|83,83|,15
191|157,25|,11
196|210,340|,21
196|210,212|,11
163|83,83|,10
215|178,340|,10
215|178,23|,10
215|178,220|,10
215|178,212|,11
215|178,217|,17
220|213,366|,19
220|213,23|,12
220|213,342|,16
365|234,342|,10
365|234,21|,23
365|234,210|,11
196|365,340|,23
190|83,83|,16
